Lactate..1
2.09747403745925
2.38306904055711
3.52076863909537
2.47201212495418
2.62784998398323
3.62189804214225
2.08114086241512
2.44878498065057
3.52094445558159
2.11507583232193
2.31090209326555
2.79583568025335
2.69754906398399
3.26010829724157
2.01700283953466
2.26201925064044
3.85423665955089
2.14804965512194
2.4555255833559
3.94623100869021
3.46295669535976
2.94147016736804
3.58949013957029
1.69385126773833
2.43435110478021
2.19390173709751
2.81592124975586
2.40429199796357
2.16940931879301
2.695998156214
2.2675035988652
2.00720702014004
3.28501012709528
2.67463662606563
2.58608230440941
2.62326830215098
2.43882961160751
3.60173410996845
4.1085806551859
2.40310638765261
2.8813521971148
2.95049312043018
2.53327707548177
2.10020810457813
3.10498492603772
1.9243254277203
2.04567637599622
2.24329756767197
2.5345875089769
3.00590551272935
3.21872006913315
2.79700254768555
3.40974703053667
2.90118620374695
2.29893562554921
2.14167305686658
3.73012177105938
3.19949728944386
2.66181350497084
2.18878408640498
1.60429580254899
2.26586767378771
2.61017342703091
2.3068467322545
2.93360193893343
4.62098416602134
2.39597822701423
3.40875164744803
2.78421394775016
2.38312561347624
1.9303352797149
2.6506807875377
2.48004649253516
2.28793109620332
1.58099211162595
2.95982819691269
3.2497252365861
2.89293042967046
3.27661510135213
2.67260670788302
4.24894484151153
3.04346483172124
2.94606659955505
2.5962721367277
3.04440506056758
3.02097355757307
2.76216040029221
2.76898502664268
1.88302333587915
3.27781891527527
3.55011250066671
3.48317495157829
2.23275745744906
2.05621199514536
2.44719295749993
1.85185802854091
2.92708567640595
3.8138090877636
2.72233288437802
2.62284422552221
2.02359012630619
3.14239867193277
2.99935071912764
2.44773638896137
3.22705932988616
2.03033125304498
2.61807867720929
2.83571777256489
2.53346586238791
2.83428154942156
3.5873319800684
2.77903785721518
3.09828042828128
2.76618115495618
2.70444088770249
2.19191079739047
3.64011587008048
3.05156132041535
2.29750355044964
2.39807610630792
2.58309164294522
2.67295461479511
2.53299668994589
3.04812651727055
1.95599772286448
3.05112208179153
2.14378059948812
2.43055518727221
2.41580187283605
2.72206534399789
3.56794913473695
2.27981134269983
1.7776550820297
3.40526670084222
2.15180689535943
2.25100381230708
3.41171639888508
2.51342384916743
2.66238731031856
2.36087754216967
3.05078680481628
2.48414375452052
2.00462733327462
2.95160831297426
2.630028672023
3.52262059804415
2.08879135469181
3.10270501246255
2.33482740009161
2.21460425577079
2.38342459434898
2.89893942059294
2.49391241493902
2.6179155726683
3.06957057696655
1.93410502758339
1.96062866352312
2.68369268982765
2.6225512300462
2.11006838287286
2.66091969924281
2.37289559628074
1.46782037179811
2.95543309408049
4.27105483987513
2.87228626657821
3.21003255633267
2.30787228258533
2.12029919166774
2.18824664789935
4.03387787474757
2.71269415228386
1.80405781617716
2.59695148012032
2.36628337216796
4.51099946382263
2.28034694811753
2.8818438820493
3.75454211651977
2.24583918603636
2.68024002588166
2.40043423462132
2.51380987618686
2.46097403965758
2.46416508200246
2.6356112227117
3.84190031132893
2.5074590200983
3.25188347340206
2.01187782581313
2.55314340903435
3.06239965697921
2.25901976864465
4.23307793282567
2.14874588591367
2.41257204713315
1.84241564784654
3.91551729086705
2.4625913894523
3.77682160066785
2.53608501423027
3.09061157574408
2.24533716655247
3.24974980673927
2.04675252462342
3.01778844756386
3.61646644287515
2.01728185867169
2.5750157897374
2.79229835374352
2.55479925206817
2.7396068926959
3.26406201494225
1.89360133080569
2.00722518363761
2.78671666605728
3.32582769814394
2.44914790487357
1.97047688498144
3.0769191284029
2.24217930063354
2.0224733071796
3.06976146493968
2.84574447725898
2.3686831287953
2.7452613922631
3.00720291035625
3.07867402767278
5.91234726529673
2.64755675605915
2.37436923645209
2.56985898899556
3.21464078215422
2.57468895231269
2.14526683369112
2.67266003393325
3.61999367973553
1.95280323290282
1.67030430891364
3.6055421653382
2.80722922770299
2.15238280927994
1.84311334001825
2.35811188111966
2.23851731776956
2.36538048227328
2.95764101968199
2.80219343064338
2.35187003220998
2.22325518370891
2.93654339988467
3.15612534887059
2.46847974141228
3.34266207002492
2.91217178567868
3.40237476134389
2.91053237644376
2.38915606604882
2.44944237609342
2.22455600712222
3.24989689566421
3.38926685087203
2.58494365939653
1.87128425754877
1.85336909468213
2.35647080743344
2.11848995614756
2.9644027019494
3.22071957885709
1.66538009176455
2.26464313966793
2.55322590106817
1.91082982452758
4.05771341584721
2.35892551890609
2.79985995716626
3.35821022805732
2.4954106621403
2.59409553675107
4.30059139111965
2.62277861066925
2.72595530048188
2.04838528794187
4.83005940808723
2.03237955321751
2.26530429499623
2.79472268923034
2.84044522351894
3.06448100263283
2.29144914806328
2.02324899294757
2.4071185144379
2.81773278674974
2.00153391477206
2.41448334141583
2.93617078720533
2.32073191953307
2.71697236143862
2.82463551859519
2.99036470630932
2.25255368728688
3.12055310310258
2.13531048764753
3.12434561339666
2.18254101890598
2.01969310995681
2.43191814478616
2.85809685171203
2.8009148414196
2.14081525612586
2.51159532484145
2.65939384860021
2.35137145182659
2.27264619576771
2.9049776500816
1.84274947244533
2.36127033982665
2.50092588760729
2.92055011096362
3.04005944028082
2.89790414099383
3.42347527709988
2.12186660225072
2.42768041867172
2.48129043323661
2.42596491213873
2.45383016502273
2.48864212519255
2.61115502888646
2.37551648120491
3.26988486060415
2.27911732460363
3.10392854164826
2.2768502526231
3.50811949878018
2.97377795039728
3.46930932141429
2.81846580461833
3.1388510457173
2.63871341800986
2.6066131779625
2.71316880673904
1.90564300591288
3.19677050421854
1.91919224430959
2.29334916391173
2.63016013296467
3.65718630646332
3.06169699633489
1.93229836029484
2.71833334765947
2.52308799954645
2.66276585755081
2.35386203188391
2.27415549647157
2.38140735949981
2.3133980447561
6.90106787966536
2.93776985804439
3.08628394581709
2.80136631904062
2.51091730650903
2.76636818286211
1.9820362754147
2.74884410318654
2.41397849071335
2.14976392014054
2.50951726904776
2.73674482858037
2.32627714645112
2.87499455392449
1.99179365413003
2.5563110984573
2.56583237640165
2.00642773886191
2.50359276079944
2.40621031071872
2.30089662921964
2.09909812363053
2.17402873487943
2.24389407828743
1.95136543063144
2.02455801615026
3.36805259551074
2.5026368252187
1.98993250848255
3.28363281951266
2.5911022513111
3.46928521552969
3.15488866530514
1.88582315501651
1.72977873887171
4.59692305469297
2.55246433310379
2.75013989595703
2.26367213719697
2.46536318257731
3.35370115073661
2.40758899131047
3.20514361912115
1.83237651000363
4.0707540174221
3.46433750416156
2.73886440414828
2.3635454790715
3.39678201220423
2.34672152230853
2.18157140896878
3.45469982076704
2.30809634085343
2.70191509546807
2.56245451486861
2.437592030893
3.03744221221873
2.83983285022779
2.91508610861178
2.39357069217867
4.18791504135981
2.76621901948979
2.97339192311565
2.46188868177889
2.97128775105649
2.8249850094129
2.44780600483632
1.75069830521812
2.30004972747086
2.99811231914882
2.82766144527751
2.99505985149971
2.47171729558322
2.39565225626006
2.64984433923748
2.53880104449833
1.93650787998868
1.98040866250614
2.42073095760919
2.71491935902293
2.15640217190908
2.49297268338572
2.72583560153344
3.5680915729523
2.73596788682152
3.13972328007309
2.69991556506606
3.06725153278674
2.22050061187566
3.4652753228947
1.92938808421735
3.00727615179391
2.55827317001182
3.66353272864472
2.02447307569351
4.33436215526901
2.02599853436654
1.96658671899055
2.30439514156071
2.32963185414374
2.82934000137858
2.84154179047054
3.03414779749366
3.23254847141483
2.98212120512144
1.99082689175617
3.28119198260555
2.23307405898137
2.52355228882219
2.60367189277322
2.4697789845301
2.73501623434059
2.16029524061654
3.64460909674007
2.2763838660636
2.29048174786407
2.2062422634825
1.98244793046339
4.66084923261014
2.71900647549079
2.34829492429164
2.60212996170543
2.45156407433521
2.14281701942786
2.63351527163799
3.18756361943476
2.90443571806965
2.20015277013659
2.84429940027246
2.07654909804203
2.66496692589976
3.30059782262147
2.40525450706764
2.3604421920918
3.77276591338353
2.94864272255492
3.71139829291067
2.65326352273574
2.00851395773101
2.28238769859461
3.03615112137707
3.58428840050614
3.88208358559567
2.45290026396633
2.0570749657006
2.09669910214223
2.29953358315842
3.05790835682674
2.71657529469946
2.399362389319
2.46051889276293
1.83582190687566
2.30725761217754
2.84667713506248
2.22312285490591
6.14820313110349
2.76008896876396
2.8564074596202
1.91282214031993
3.78634833448287
2.45333765667714
2.15518239961684
3.27392562397147
2.96307401554191
2.56726040277364
1.69890738066072
2.45128713097018
2.24705788439328
3.39885208862362
3.29317142641784
2.43340692379193
3.51726429514075
2.70155762312419
2.16411672216763
2.17075674818799
3.26609185969673
2.6002620162595
2.47810271365827
2.97560918440063
3.0726805696698
2.25821987317938
3.25212043977339
1.71193312479336
2.10803354714006
1.65521692681433
3.5898469729698
3.05717662423656
2.01478762287326
2.56512449202744
3.78623654048606
2.03953151764611
2.08308593009612
2.88780803484817
2.32563733050365
2.01677490109528
2.59023008404724
2.12235994499805
2.76353437538779
2.61365802319468
2.70615586683777
2.75433843348251
2.49555084751069
2.13866620440135
3.92757105937543
3.71702533253146
2.46233341319237
2.04863189654302
2.9223592661698
2.36472678852496
2.77722308499699
2.90685013842119
2.97826172884504
3.16363265515725
1.78225299613415
3.01855842480838
3.51545280869796
2.11949413492193
2.34654998908415
3.05527445009614
2.71878329144864
2.73897313539745
3.86542487026147
2.50937274717454
1.93104278592243
2.92281307208351
4.29978519741674
2.44545212823856
2.81365316655602
2.74890670830877
3.79812431408075
1.77973265608929
1.90531638344488
3.18397376023189
3.26757211628519
2.24691951390943
2.27685200000828
3.54954785360389
1.93306301190318
3.84792995415599
2.13037913620883
2.59898342251996
3.76175278538307
2.96646896926096
2.45846802538813
3.00727475385702
4.13194886181445
3.20665607329573
2.28686690349882
2.67401355470043
2.11876638393589
3.19837299785108
2.59795422340471
2.67431954403261
2.17449820237024
1.79805999202689
1.95606616454027
3.4508850379873
2.23948617532412
2.59623699877719
2.86624594712719
2.83002078329846
2.04906746623167
2.31785581782759
3.15281791950021
2.83921126196655
2.52809453824779
3.27716277897748
2.4111178871772
2.62852163654317
2.61098734541163
2.72613818865083
2.72786601860641
2.14760583077779
3.0920291310168
2.50315582572981
2.40760195833986
3.19867782411343
3.3028872622979
3.72963814028751
2.6836613482019
2.39208132634622
2.07238231041112
2.63483311360963
1.87466189030118
2.89739989990463
1.9567256105317
2.17813833978011
3.60759763602569
3.40348667704297
2.84064450976152
3.0462825766685
2.97438996724844
1.805907706652
2.31958193480526
2.48390855206372
1.9341304968957
2.69614347805913
1.76731935983598
3.38399323048054
2.98097477670923
2.57954499918184
2.39486213449951
2.65861071670558
2.57879144283372
1.9818891145936
2.90998991201182
2.74188379680896
4.10443755651036
2.28541149489945
2.27902329723664
1.77713197091335
1.98965816201601
4.08684765026703
2.18898782816296
2.72024876874939
3.24743260959869
3.28865237797476
3.6900852028768
2.76250715764054
1.95426897639742
2.16083328468785
2.38886263569934
3.56464038884481
2.42054476404529
2.0383369045459
2.68075524746527
2.3994748500846
3.38844656719772
3.74887662038804
3.91240467403513
2.75442332253718
3.73772587931216
2.57500480088855
3.06023966583967
2.99278738693638
3.38914359654864
2.07147861950855
2.24728615220565
2.94563261904405
4.39368731411994
1.78527335323987
1.89976984227677
2.34646696410865
2.40302922100637
2.63946226584768
2.11639060441184
3.65810416407637
2.82192820111477
2.22594049073148
3.5188711315561
2.31511306943284
3.34710896832364
2.42276473369429
3.30222860414673
2.12213833887855
3.34994633544767
2.70906062121542
2.58414032991236
2.65070457170118
2.70081135843953
2.04592939058831
2.90838606089913
1.90705883387513
2.23378544301866
2.84061832604661
2.60599307246209
3.05843839409069
2.31825245412969
2.4232314129383
2.62617876659164
2.54283820123334
2.20972264752451
3.36049938236481
2.32102921450559
3.11468395502039
2.14899121492878
2.883249969201
2.68159590670597
3.30270223869535
2.83311346458247
2.75905964123795
2.65737399326536
2.3270548730923
2.90939157371565
2.97195821714401
2.30446500381661
2.86122738374367
3.77953194690627
2.43808841479043
3.83079462352809
2.78156810539078
2.26715845106644
2.24439508734621
1.87281141566252
1.89579117260955
2.70071242718851
2.48907025150959
2.31146386230596
2.23458247499693
2.40560497372018
2.57552719587776
2.61269447768036
2.13191490461786
2.60953805098796
2.16364460352531
2.23182098704314
3.1030075992874
2.50255995735198
4.71981575383753
3.08844634582651
2.73874429369902
2.69353166666829
2.26986065189396
1.98817324025353
3.24097781229028
2.11874643260767
2.07601817411296
3.50050907496621
2.24833674221448
3.9724052247975
2.66297933847554
2.71166325227898
2.53444466874236
2.99387473346963
2.51261424216532
2.42269836856544
2.30730940167023
2.26614232848312
2.35985153689416
2.65146562247599
3.64023404354762
2.62598980369889
2.15785200151596
2.90612345754191
3.36021797068245
2.35885210929027
2.92054901653306
2.47647032790117
2.8463891725924
2.71497686136129
2.92870598344375
2.34571792284241
2.58233878638044
2.24216334623947
2.47496423380534
3.30919255174982
2.10574149679706
3.27916214089886
2.11401496423689
2.99448976264454
2.29564650760382
2.6975198887016
2.93609184901603
1.98368773350486
2.26036895237041
3.39785684790852
1.90688165951624
1.90398388157138
2.27715214350736
2.70652954747997
3.14578188091951
2.45677676195116
2.09394635567871
1.84858313746906
2.50062108157448
3.72835191332091
3.35487704153695
3.37904155091241
3.21626108012235
2.43081383452026
2.21298073420914
3.26248140967003
1.9947472958757
2.3221610837892
3.43313282411057
2.73263879887433
3.05545750464656
2.30910627298702
2.58551635283279
2.4161868690458
1.59966103548912
2.24312664924768
1.78631195950897
2.66507348100143
2.70482471540564
2.18958999077034
2.38515751101735
3.09358920583326
2.46510962280841
2.62144355487235
1.98641316155055
2.78931903089878
3.76961045123537
3.25640680299556
2.47593459646364
3.28457800630428
3.3981417000518
2.19275259853391
2.87748919495854
3.32600518322221
3.40801296438897
2.05340013567994
2.08010085799517
2.36691395657766
2.75943279828221
2.74720218479844
2.14953425001653
3.58383371093231
2.4935054971198
3.05009582205294
3.44491241644665
2.88261031306441
2.34158108448245
2.81645315088172
2.56902983501135
2.04849266440138
3.02786334563807
4.11093760332087
3.01786153228822
2.94259735125412
2.09878385236422
2.47202748977935
2.4985489145205
2.9595281789602
1.96287445466657
2.81040329983508
2.62577766993179
3.77283230456695
1.74646662624873
2.86415480222488
3.11389109689341
2.83193132775456
2.80000989109381
3.2869901074962
2.11677401124632
2.60574162680468
2.39525977978034
2.68166124811877
2.44295649073771
2.46471166212009
3.23974719238621
2.36240069115285
3.24954965077192
2.32916360455775
3.57207131608859
2.27376743563404
1.70440415825689
2.22194309799257
2.21613953399518
2.11478356752988
3.15764765710669
2.75291336787502
1.83307224878427
2.71096133575563
2.00282327566199
2.20384929236249
2.60839789115941
2.15428466344361
1.75762962949839
2.72120366919665
2.26951029731423
2.95351605144064
3.42428815214187
2.43926420433142
1.98162740472589
2.7213396990062
2.66682044229034
3.05652994737914
3.05476733569849
2.81264649986656
2.21356321508376
2.9522502473216
4.1749823957217
2.28261790138934
2.63332808063005
2.09394893430443
3.38313163675774
2.21731268740772
3.08386640747715
2.12354977639733
2.20539404294046
3.00244743249666
2.00788243486607
2.66499375636963
3.74370685181406
1.94834245040812
2.1896794642143
2.49836417650728
2.55840626786901
2.57669592787951
3.36100568252918
3.11499283241078
2.24932464471824
2.66318331076357
2.6178616571402
3.70025927034603
2.32843162731349
2.86001670685772
3.37670815765263
3.16138248186448
2.54307131094024
2.88289614642735
1.9025785804226
1.96283759497426
2.72022815946082
2.65383032569511
2.71319656921515
2.50267336832265
2.27028233225464
2.51736746488413
2.83536464392153
2.45383842768899
2.57257137897817
2.25128318834333
1.91614923220012
3.18341236447594
2.38979847907819
3.07428831726955
2.33492862489137
3.02216544741225
2.50794622806361
2.90918618988428
2.5207729379025
2.40405344394267
2.51570005831907
1.86097346287718
2.77949596864162
2.83395116336248
2.34722660335627
2.56815531976872
3.00336899187116
1.87604351804945
2.48441553447024
3.0920600847758
2.94326900477339
2.2398300219821
2.00414962107151
2.81735361378198
2.87617289515297
2.62258450300177
2.83828045800939
2.48844064821044
2.57129320702616
