Lactate..1
2.80788207537862
2.58071120427478
2.59115226284648
2.74164902568302
1.99478326067814
3.47641421863779
2.3228637047788
1.94629239954175
2.01525020509956
3.66054890922877
2.30525075909686
2.32295250677766
3.07481746744157
1.89675872640475
2.22035129331648
2.18646313728654
2.16353211955455
2.1702007666236
2.5634046894296
2.96814754015947
4.32159873851722
3.09953190975436
3.17228225918831
1.9724264475436
2.45233265870869
2.56435699258575
2.4497828831508
2.37436537477953
2.44872591559067
3.62496354205006
3.97052744396707
3.83053446612042
2.19814096213428
2.43222576030053
2.42646554876366
2.24130284757838
2.39995343870562
4.37083122478534
2.46645231590402
2.24036561859257
2.45110173062479
2.13548703333646
3.39642830792619
3.01672862374731
2.54092819970318
2.69931393623474
3.83904000007513
3.27165906389132
2.37736986256178
2.04675639335757
3.59724586972948
1.78252834018228
1.95766861781528
2.44812702169598
2.72855932049451
3.62897576785323
2.65710399242255
2.26229467608903
2.3331316561658
3.76830561808924
4.42438180010475
2.68456989025248
3.33486458990984
2.48130695419814
2.73669231024664
2.33825937779277
2.50020312787249
2.55191475777349
1.89868740974433
2.64466276118123
2.33629677709957
2.24456050295362
2.60540330839456
1.9676369746945
3.36428459700065
2.41643926739581
2.25987630182722
1.91983946645988
2.03402485631149
2.45936871419346
2.7516354899811
4.56332966513621
3.13002657969075
2.71036743014932
2.59681622455861
3.25671360148912
2.38882936487414
1.9058840511782
1.89333905255661
1.98524158382921
2.38299359944903
2.99630654879497
2.22846205172606
2.73064205758081
1.94130530476071
3.52046520754928
2.35188490832031
2.53350614683752
2.93200200222955
2.47759866382026
2.01532864095388
3.46687638196354
2.06853708587319
2.63002515424541
2.9396319083544
1.82316896311477
1.75668754166577
2.28391589642412
2.48546128986108
3.10009238178271
2.36165007477295
3.53588747677359
2.12016983450907
3.14691467607557
2.67504506047701
2.32516513706303
2.3094033519054
3.70404607861761
2.90960202879856
1.956676218472
1.8277998839948
3.49535605215675
2.00174334669571
2.82396520343623
2.28269366503808
2.53133234833467
2.39372634591878
2.60805801709566
2.48936717627222
2.65407179972532
2.73691382889107
2.78379786018237
2.60505149149462
2.13519180511402
4.65661393847446
2.60862316470442
2.59901818211636
3.86042197852512
2.81095144922474
3.04235352345886
2.30186834460615
2.0501792185534
3.48242791641603
2.26509064574191
1.79311054521092
2.53056134701471
3.03389564574047
2.44923825905541
2.45610458391383
2.09260366231629
2.75474806462521
2.02526520930973
2.51376152055102
2.63117322755649
3.79781284101168
2.40523090493696
1.71994706873796
2.18654513118383
1.6934740604997
2.38940726429927
3.57290928792194
2.78947398128024
2.02938192661757
3.14482282407077
2.38882305753568
2.31949376503437
3.09243635873816
1.82957624750961
2.69631337015775
3.07169854167195
2.02758924691144
2.21231289526695
2.34551143385679
2.76256920254535
2.73612015066593
2.44805356743646
3.30926136599386
2.4352184120943
1.95858552492947
3.0041551373592
2.14198657832208
2.15002585548077
2.11368191623806
2.86163520061627
2.23872907457581
2.15374257121677
3.0747397279243
3.83866726260432
2.94004900531575
2.14856409336753
2.2102733230374
2.72338581426657
2.3973306324076
2.66814552897895
2.32689436331249
3.02933593821378
2.36628751168461
2.2603214676678
2.83224267258362
2.25308181518026
1.66107639147174
2.2500262346261
2.01662140546236
2.34800947228025
2.65300279789057
1.75769397617021
2.33394049263788
2.15572986011211
1.9256713189325
1.94412905320253
2.55092016712868
2.34019773949622
3.69340151323401
2.20980492399144
3.28580974851476
2.35415753851281
2.08676224454462
2.29953027141672
2.9489234719322
2.26239674301165
2.35734184455509
2.33357528830674
2.84510397090443
2.32919382752174
2.8918235483864
2.54486174324807
2.18603264754858
2.41407996008484
2.62852447788193
2.64709300273475
1.9288861134188
1.99547625937863
2.47666150113523
1.87375328880332
3.11694487501381
2.46075628148533
2.97912175018659
1.80358566532964
3.03026515740818
1.93954885999196
2.23125453096117
2.62348972637593
2.79064006884083
2.7487475141137
2.19655430723935
2.93602403385966
2.93981855701116
2.85988211883475
1.82177461256587
2.31795345337757
1.98210685162889
2.55524781074005
2.08340696819578
2.52898704891784
2.44898586407649
1.93916698405423
1.90639929623443
2.89905903826576
3.54966332407154
1.82964732359151
2.39834022002401
2.86021822862665
1.89519438865079
2.62391802455938
2.6408320419637
3.82252765115663
2.59522377933027
4.30562158974493
2.78850845839142
3.4000341662634
2.46057859248252
2.90321828986152
2.8984588406637
3.35756071605904
2.6106290298243
2.40935523023655
2.19351418689938
2.00973122184002
2.45527655128448
2.91311493881815
2.52579883288824
3.70634806466279
2.16684397810608
2.06323178375531
1.87019539271558
2.27226683516798
2.75196753480175
2.1701487881029
2.18437487245992
2.20033934034468
2.73318666932166
4.18290820161329
1.85769629782675
3.0225253995008
2.43933091723262
2.2327158237769
2.2341673412572
3.01589355434349
1.99769530153285
2.03430351468936
1.90851204058629
4.30550332522305
2.54593835599668
1.7388215770546
3.34105033747624
2.10947487100067
2.81864829221569
3.55706149182207
2.49143333918298
1.88442347393119
2.48105250125577
2.2282909102891
2.76772475159709
2.91640790117381
2.06638947393205
2.11749964205993
2.34364019434113
2.72210642312553
2.78854977291889
1.96079029925967
3.93109501974549
2.05861196391971
2.68194509613856
2.77721674396214
2.21940097750174
1.77418899019547
2.80351274665657
2.64632165896353
2.21057961561531
2.41428048498464
2.36041680491746
2.85015292652953
3.2369838195414
2.59555726774269
1.75311012302371
2.12884707399629
1.93900160570119
3.80656115405528
2.14181670899449
2.12621767435766
3.08373622282916
2.67427810313791
2.47498110049383
1.84994230736318
2.30928624183903
1.86190107236563
2.31665076620341
2.09333840375254
3.1618845953024
2.41565590059638
1.51825930463101
2.04171583644714
2.39057308794066
4.00663407188609
2.94418543192558
3.02513638109835
3.39101687966573
3.16044709824441
2.72556798147023
2.05942367790062
1.85016824138953
2.86519433389839
3.31049431854441
3.00567506670998
2.83694262834603
3.36228572938056
2.4796323702439
2.48043199450264
1.89478508081193
3.30572524672993
2.23674876504273
2.53114883340139
2.57541859862202
2.49892024029697
2.31034340301117
2.78285371408094
3.47023502485139
2.60481585874393
2.39761195397529
2.84858248359918
1.79238399105167
1.81088636756878
2.19476181665398
2.25973735048354
2.29330533578233
2.29594733228953
2.8950389150436
2.99729336598992
2.32462785336762
1.6806686337756
3.02819516062199
2.36603822500582
2.11537077714876
2.82550726477501
2.80310480592445
2.1839605986484
2.52521749651618
2.37104798069254
2.4408301046253
2.47886795021191
3.05288966561511
2.74894676691977
3.0661677054537
2.68760714513964
3.60102145505426
2.62783702287735
2.08801750010651
3.05210201759244
1.92935853911979
2.73178041176864
2.44201174882008
2.67042012201969
1.47665172555
2.94965533985845
3.53432019291447
1.93257597201365
2.76184734338539
1.99832752145363
1.66857371229234
2.58582381612844
2.43920508516329
2.44695713093686
2.28290727891099
2.6755456225323
3.00062204112129
3.47894782908405
2.92783736782026
4.63780540020108
2.41370900644023
1.87840618099994
2.23326869891525
2.47142944597296
1.98388374138317
3.85838240145083
2.16472308873692
2.71652353732005
2.90848471666809
2.48892916249851
3.32330544070337
2.12349260956339
1.83932626484035
3.281069708662
2.19167441593705
1.69100057885851
3.21158751533622
2.61901843336795
2.62369559884023
2.31570669116387
2.34722622837302
2.02462530807668
3.18259990666457
2.76311041434748
2.11272954965635
3.01105899287973
2.73482517902661
4.189632340325
2.10466652332448
2.87998367815941
2.11522283790917
2.0977845730966
2.95705314823817
3.1333130552391
2.61538163618885
2.01204443973143
2.41639545970557
2.69466876663683
2.50754844251124
2.70910556660048
2.40550414097005
2.36159236093435
4.09076510389172
2.08785560102957
2.23092464505175
1.9795820319403
4.45744812604544
2.16994766042771
3.80376876300856
1.84863738518447
3.0068605888749
2.05741632347504
2.72603262848555
2.30956778741965
3.14421640811726
2.71700272259682
3.08597015654487
2.59137227917834
2.10182790792224
1.86519554519664
2.54793189889054
2.17415933971157
2.12525814402894
1.94728940699502
1.63708463151215
1.62389642915644
3.41413336520595
1.75975776206307
2.83239444869064
2.23713852689627
2.03224152024638
2.33118656097699
2.81465578504587
1.99052249086018
2.2227535536958
2.44261360435994
2.8970022540244
3.05258725279804
2.10329305930402
2.86353844655946
2.44103318918798
4.18334313065113
2.15282411242461
1.89434054478443
3.07707127172956
2.80204051061414
2.12839328049636
3.25952735035813
2.52880770297413
1.77789709329901
3.49175104044253
2.12061992897365
2.03253642319305
2.41865879392171
1.61891424652962
3.58246149117801
1.94602057344737
1.67914693148118
1.93568799054148
2.32396149711044
4.44419449875855
2.75400506857543
3.8727295901683
2.29770751816242
1.98988849952522
2.19051407921916
3.30957043545821
3.61499605900193
1.83946095106883
1.99717300231592
2.60936905906419
2.78645732755687
1.77865360048645
3.16288393598186
2.10255659423334
3.01671276355415
2.33494398580737
3.12491608374829
3.07090573727812
2.11907107945814
2.69320394960815
2.17714983074389
2.10207567665637
3.14118941562175
3.29830428135279
3.37452002806236
2.89425811239872
2.1805410574869
1.95803573877921
2.83596512428792
2.49696099908166
2.56926526694448
3.20741069444585
2.14950426104916
2.65413444737286
2.61821356292812
2.81488974196701
1.7930746169037
2.06441520434795
2.76245365225384
3.18661563788242
2.57121597951924
3.82300185827973
2.7367252860029
2.49761431085596
3.8937381620105
1.84858678050118
2.45963329757063
2.55089677012201
1.89878819100103
3.02864658237489
3.5086063325993
1.9790661218211
1.99597916809947
2.13390560535322
1.69751471588178
2.33704664210471
2.5864642512297
4.34233137842123
1.95146015569013
3.47213039229719
2.9971568860842
2.19706565738202
2.65747735873256
2.76105241452948
2.51877612284674
2.30131205852915
2.78330670122757
2.6472123887382
2.45309938740191
2.4673386843027
3.26648483721599
3.92172688515979
2.66992400834075
2.93691726608916
2.69531518632187
2.36622050192476
2.38822139180033
2.56749300295164
2.63703587441616
2.84183748261529
2.4003494093607
2.95930450510752
2.15586413405747
2.34693423799334
2.17339916911012
2.35956711344884
2.06799614744452
2.34169378809347
2.41286965605622
2.77860736618614
2.42196508416422
1.74609126953523
2.58862764472341
2.12474770522587
2.03968804297165
2.30658657505413
2.30089489409761
2.65336067947275
2.6299058670101
2.47494777292688
2.40598832937449
1.86843454117959
2.43192583537661
2.32836741366448
3.05467292638722
2.73675818697338
2.592095870493
1.91419100645151
2.85103571016704
2.81979881990708
2.05002153741352
2.46257260768446
2.31307269470242
2.16187831615419
2.17490880003953
2.07042556781256
2.04141834892063
3.2496742234266
2.57710349045399
2.59457495694404
2.3152779363684
2.63781946017113
2.17579693484273
2.2571973195981
1.97661806101214
2.33626480080309
2.29520048600667
2.11020191586992
4.27304043770416
2.91510636422723
2.36912024582012
4.23115306788938
2.22729229134387
2.03815866259767
2.30699210521454
2.70369358518511
2.60326116972114
2.59513293825154
4.72065597801394
2.48769103940218
4.21442438297701
2.4011697640148
1.90077711230143
3.41206783514271
2.49772260420579
2.87887140344105
2.21100933731808
1.9763701684474
2.0271591746677
3.50971060388273
1.94520908220585
2.30166551163976
2.37818945227405
2.84167680388899
3.11545589040444
2.43820094725583
2.67373414820418
3.52608325604927
1.66711685665428
1.89360969242959
2.2968731550622
2.26143897497776
3.79010398164778
3.24677772575743
2.7526989956672
4.36221794623609
2.15619068522481
2.43794712640522
3.45729924233477
3.31495901245207
1.7037112303585
2.94479929863614
3.19962373081173
2.88929484713132
2.04156025913731
2.60790803007454
2.45231827454743
2.73465065904742
2.2655417986483
2.21862793418658
3.21422167187593
2.65347595973396
2.07187620952961
2.15184057507258
1.66289301507231
2.07400615469524
3.97372692415697
2.2300064152296
2.32947073781636
2.16159238667078
1.95110809004885
2.3752233570975
2.2264361772482
2.76718449437174
2.03312135481355
1.80540253499293
3.01511359616941
2.47618003074501
2.36828753529749
2.13371618622562
1.95065049311031
2.60845413735778
2.3494072544845
2.65433113372606
2.93654776828407
3.2265364066894
2.70043017226943
3.23645889914772
2.37763060579003
2.63752906428278
2.00184048190667
1.82859395174164
3.61862677530373
1.68325128076545
2.36920075645313
2.21304233447
2.60807870063343
1.74689434983037
2.64710200626085
2.28885932747501
1.55138654843316
2.53586684815632
2.31611581971992
2.42882543867219
4.4178577245734
2.62826335715928
2.50884719180431
2.07798856000926
2.51644930601973
3.87601976809345
3.10999118212785
3.07878023102748
1.90643554074833
3.07473923679662
2.26467053714348
2.0538640127128
2.19226372843943
2.70775662789097
2.2083625590378
2.64631026987499
3.9596315581111
1.7335687543903
2.13063723832051
2.94755358288777
2.43671570033079
2.36329735747644
1.81902645424388
1.80859427222638
2.72693434521506
1.98208923321193
3.17325190187954
4.21759954414712
3.22265937238217
2.55992089564977
3.19585170632722
2.1128894068255
2.50309270579999
3.35179078928012
1.94309649639138
2.11425464130969
2.24388543471282
2.11206764003342
2.91128906841192
2.74304150867183
2.98084186483263
1.80854522147713
2.20043086193961
4.54196707433604
2.24402703713541
1.84380497516327
2.90925855740218
2.8660727770445
1.9224726373884
2.46684715875908
2.94822790548504
2.80685801379885
3.1566769741854
2.64111695951491
2.72283265977078
3.67597952707955
2.11410063059976
2.32503298328572
1.76419735532753
2.24798850250928
2.59512199812304
2.64626288073547
2.6514229750629
2.30022299795246
1.99936791831103
1.70941951191631
2.39567113231299
2.59400868261812
2.39893370816235
2.96856763227905
2.13893521399709
1.7518505382141
2.94129232014336
2.27188021220025
3.03932349123654
2.4893386548879
2.36949344113214
2.82861816326713
2.02906260853181
2.53409958698495
2.21979067907228
3.04264276842257
2.89342612714035
1.85728821219698
2.63685127292876
2.18709403783915
3.72987250579054
2.9655022283975
2.11001414651101
2.50057729369195
1.72170872139544
2.59538683200603
2.22476778767888
2.03126905786337
2.28485064899651
3.21161818764934
1.83366477740887
3.04821865541925
1.78825796842746
1.78791291079754
2.19986680777147
2.65338616046615
2.32217037318922
1.94737576478431
2.60876425056942
2.22326682963959
1.88914659600484
2.04003060700318
2.45301484110644
2.67420005237653
2.05740551599539
2.57305201265871
2.53820855714748
3.15095445966491
2.95984402106783
2.48096427012217
3.22887827074113
2.42515381788388
2.43971648636995
2.53112663827481
3.35815782289395
2.43158461080301
2.17833454463582
2.34536009313152
3.61295194914464
2.19279748083014
2.88413190130166
2.23817252347078
3.10484326745668
2.36964588961982
3.422876175604
2.2462903292631
2.16645922125302
3.01335978770862
2.69891927059668
1.92829329694864
2.18344089515383
2.48994918591247
3.89559834633353
3.06055117136411
1.90575954241484
2.73958337566825
2.3648289672553
1.94514504900382
2.5427143947639
2.14600184833804
3.520723927819
2.37681061257614
2.95138145625741
2.76373995630241
2.2112149528295
2.87519175587801
2.40731545323749
2.64195312762937
3.53573402409689
2.28191043156407
2.22966411033166
2.69634705944366
4.30779917581275
2.15996206563187
2.06050198422588
2.45110230191893
2.88264262217451
2.04689113769195
4.22400400585015
3.67088722805417
2.99203503656597
2.99152932243713
2.08881518591178
2.98891496851446
2.01191612932815
2.90831465364803
2.81703846169
2.67134629436238
3.25964686698303
3.04786917202298
2.50879742931335
2.94023080845902
1.85706622926154
2.44875617934033
2.40253871456008
3.71280767732975
2.01199026920834
2.19653477542358
4.19698915143216
2.10349303136059
3.39031428330525
3.63759143828212
2.60919896915953
2.15871757864745
3.80909793786755
2.36299827159533
2.43212364372134
3.74228458390527
2.4006707042402
2.83794797405358
4.02905433108865
2.47587273625782
2.35271445414734
2.50393436851105
2.20663606739396
2.38360192253061
1.99434042743386
3.54135984198837
2.28892682494041
2.11612705580541
1.60900825696682
2.59866996218544
2.93577424518097
2.60976483498915
1.76500166622535
1.95806563174168
2.31748096126536
2.33539666068975
3.33459362101904
2.91452192095654
2.13479585668801
2.51698284980407
2.112251345819
1.89415176608092
2.77550705383071
1.88101303388437
1.82842875864019
2.03238452201714
2.7404059443228
3.37854011637335
2.54256255308125
2.76120864192523
2.36941822858864
1.60889820819598
1.74158730418131
3.24240316931049
2.05978674618119
2.31738024423136
2.73640716225128
2.45045174490717
2.65487440377628
2.54364419598995
2.25275983655585
2.98054923038394
2.4491868378012
2.73868365688252
1.9527085114865
2.33716906464258
1.848149269458
2.12438195369128
2.99221123930745
