PS	PH	EH	GYrad
5.93867725022677	6.23986238245112	6.11297088437338	5.65007390944354
4.95668276462672	6.67512144952257	6.37716466009826	6.04804086541951
6.21326035827155	5.37147862801146	5.47547814075282	7.15454605460219
5.62199921009575	7.01059103475934	7.71903537911414	5.71000370108649
5.56576260483861	7.19851863806275	6.43589705230405	6.17377134937741
4.85585483413442	7.77474955677212	5.63577803263573	6.7132331938815
4.96443435482121	5.38908045163631	5.86900874501535	5.64222748064508
5.13316054606042	5.92843062421848	5.97679032041984	5.46779718161122
5.51434204010057	6.02411360816239	6.15454968765916	5.87984654143214
6.28273126114337	7.02144765512679	5.85396779667497	5.69626894509528
5.22163985272659	5.5280608427423	5.79061044674071	5.60112153316263
5.75934550380961	5.73531463847555	6.3205997650115	7.1538721287645
5.41620220618635	6.47788659665823	5.75439676485606	5.55122083394663
6.5983165543552	4.94659565616086	5.51040174945243	4.90813820262587
4.64253194210257	6.53857403320538	6.17912985153323	5.79659426372514
7.7357101257462	5.66413714605301	6.34554500294761	6.13012703373923
7.55260897433948	5.68292127421237	5.74501332251415	7.35001006045035
5.37739007449979	5.78684948082815	6.27291780092165	5.07525954485672
7.14216908876192	6.47810608931293	6.49955281101945	5.26693924137695
5.52334746350846	5.39244620887202	6.04135689173274	5.55168182023841
5.61508914700051	5.3690589651841	5.68711739784416	6.33324061715749
6.05089569933933	6.43019273852135	6.04250750640521	5.18815934784161
5.8332379016355	5.49684753931205	6.35516092956463	5.49896873133794
7.72141651992961	5.14678867782461	5.42318467725356	5.32021105326083
5.79045088586294	8.66315278175238	6.66438785377201	5.33247656724818
5.73219002314334	6.27269844614619	7.93402621091407	5.25445294418317
5.40002499057135	5.70554756620374	5.5432863332723	5.65887971417478
6.44813666209777	6.27227882721312	5.66304366777692	6.3761394452846
4.67823628266925	5.33253598987654	6.85775838623068	6.69735079326936
4.87486596753856	5.92356483263847	5.63461393582416	5.95966191355108
5.2387628221684	6.54269564292349	8.17143317673123	5.63745320091703
6.10860254453584	6.22900123895523	5.23444174966044	5.87560514535934
7.70477771347407	5.51527997878312	5.43452643966401	8.44821643037147
5.71197085929804	6.64252567869532	6.98005053535696	5.58887037869517
6.15124527683654	5.27945546967006	6.26564912858093	6.18431667369947
4.71451426404278	7.06387020834178	9.17562679878565	6.58015597999357
6.4517912054489	5.22535346977713	5.49345828055402	5.65102925257404
5.35749593069041	5.52918814154638	6.44721040576533	6.22184195127655
5.23878113376767	5.03251362440464	6.99410976755533	6.57756466522553
6.83668680249489	6.32350909485657	6.39070374110568	5.26561808533405
5.8502654762101	5.61996596719201	5.10930296318388	6.93118329194157
5.9675237905869	5.50604171547422	5.68972507670257	6.29936235451117
5.14152579830143	6.26578527575713	6.3295864196032	5.18337784210534
8.17453482217759	6.68139639006366	6.69985430159795	6.03821657310694
5.84049310932833	5.6728840994575	6.47054989501971	6.75785786563355
5.80149219982037	5.76131387736952	5.14369897088579	8.2267424051651
5.4761411068821	7.03935741731236	7.78614847375449	6.01196122530898
6.68805286396248	6.48275811367985	5.89079666366569	9.73831048585789
5.38568957862742	5.77812251678412	7.41869567952837	5.28644392415097
5.05507635752774	5.74348954831161	5.5020649112502	6.98478263440694
6.21551721808762	5.19622672696757	6.37384312768837	5.3335749395101
6.29099193148127	6.27316122587521	5.73827365587368	4.98558919929764
5.07721662042857	5.87465791863518	5.57044153094035	6.71456371807363
5.63205476631899	6.62265377876692	5.98413253240994	6.80740463013968
5.38418353007638	6.35285318074379	5.79400577561167	5.57549799064853
5.17286590464905	5.11743643678433	5.21893937451252	5.87388054064472
6.97514691498112	4.99400803650011	5.6101720621013	6.8449749629123
5.36174168226832	6.2403719843116	6.0957121988251	5.36372695808745
9.13333711328922	7.69912362107838	7.68276912535337	6.33489606072001
6.02163498472153	7.57283392027213	6.81761527337106	6.22079682488819
5.26433900717025	5.38689922891908	4.05621760942648	5.28324542273967
5.71321969303864	6.59766179054685	6.56980073235682	5.33074650366293
6.09860685986508	5.52764755397745	8.04331479260177	6.6230536136954
6.35872486644499	5.08719823054315	6.13988354888285	6.95851605446168
5.82172389160032	5.1791184017331	5.46579685070856	5.83063600850681
5.60197262900087	6.00981394142764	5.77688030048709	6.70959139068899
5.66485016631526	5.54961983492755	6.41061541960725	5.18629075194011
6.13084480030613	8.11356924121495	6.65254306125068	5.69931051196451
6.83347742746407	4.93240841959295	5.73286366615946	6.16700501685173
5.04845587396719	5.79776444663311	6.73571266624635	5.6265688049026
6.52069709441619	6.31629917154835	5.23916541416321	7.87179139279637
6.43849537036231	5.42716181566004	5.8791441617187	6.56141034247187
5.62399934448539	6.43397960255595	6.60854164280986	5.70332040393012
6.04005049876209	5.73915491916114	4.75931363448833	5.72268242507775
6.17088986940612	5.79639195739503	6.79743038643328	5.51379125433537
4.77605892157245	6.29969015163838	5.57073372208972	5.75325134073282
4.89371049838719	6.26615158145922	7.32983702450054	5.67896996950669
5.80552858361671	6.09224281971212	6.73587144793428	5.75077929866577
5.11286972832851	5.55136091581861	6.07787193031366	4.58089681846087
5.50256586204698	5.47349594169044	6.43316609365377	5.59599361839989
7.1177675476344	6.35465996506337	6.46301458997644	5.80369206035111
6.12326801640361	6.7804622066134	6.14384689665522	5.47091921179905
5.72623672450385	6.95682233861439	5.46383195067798	6.3146037743405
5.78835097950555	5.53802033695231	6.61501228081079	5.37976415218929
4.84616733694512	4.89989592980336	6.42063981598408	5.32007711830875
5.42812610443336	5.55643732796801	5.97156172855215	5.08503607648056
4.74529640148964	5.83817775325241	5.5577159425143	5.8875163764891
4.87023025317082	6.00894221388374	5.41655829707519	5.49515806543196
6.93906994317519	5.77105984710435	5.60731470680559	6.25270382546417
6.02691968057875	5.45110704078811	6.38619604752755	5.9157025396924
6.16332494145374	6.99682134829572	7.04600010265248	6.25740395541936
7.43972660545454	5.20153421001639	5.20700075193762	6.45460594605145
5.21978375003057	4.9258403301507	4.99792059713957	5.10464367375887
5.49948920417775	6.10994231567	5.45314669829885	8.32120653523909
6.02718047958684	5.6179273707417	5.4169484132452	5.41972129382468
5.0766221200872	5.68625483644527	7.66249473106646	6.6010344160865
5.5852851471323	5.4727310984508	5.11419308086613	6.62132763897921
6.28733485610871	4.78983232306644	5.48753014375792	5.84391006262329
4.77933433212227	7.13319099344155	8.19394124113227	5.09275814280004
5.15607937396422	6.3272185346717	5.94670581162199	5.91988812437955
7.41009477728271	6.02087255038525	6.4421274014931	6.19883677525448
5.44621124156926	6.24569371260663	5.02281476040031	6.15459845695126
6.22901084321696	6.32214755897832	7.07607683628367	7.37546863570588
5.45786078723999	6.31572814051886	5.77672059288345	5.17668185289674
6.65099194965132	5.50860395774409	6.79831772473982	4.82911498478805
5.20597841105247	7.50213954459227	6.09246028365118	8.07268022989652
5.54694425302553	6.24263690500982	6.37549049882322	6.69743631888805
6.04615071951369	5.65919556150921	5.89262522440669	5.81541260285236
5.94010082519395	6.2598634438602	6.58261203161019	6.37293901110756
6.04268275216835	5.94641581026287	5.54962959566668	7.4440225771074
7.01720398768947	6.25813722816849	5.22407040532091	5.9174392498605
6.64055948696577	7.23635417878702	6.21073451081237	6.18236116528954
5.98947692341841	6.48579121103731	7.16752270271749	5.85562774565049
6.63437878336815	6.44312281383481	6.34618947426548	8.58312880909774
5.89616746617126	7.39600702114897	6.83538467595435	6.80893509912238
6.69471255262637	5.70440891250792	6.45638527198043	5.60947118911403
5.92559538986821	5.99573876168498	7.04931740102524	6.64196928107457
5.87005105168653	5.78007495918386	6.12700195182666	5.83866592285677
5.48738744992333	6.71812154717113	6.5766886945949	6.82113371506095
5.46454390183908	7.38110765135448	7.83239220640295	5.95941806788955
5.8056799241405	5.7121978603882	6.45550341933622	6.30163073553567
5.58498455658364	5.96278526133688	6.21381244156159	6.67724161595227
4.84808323793059	6.32128167881433	5.46082313616425	6.66766359922046
5.02146370698518	5.04925321765382	5.25845852391253	6.24283020075366
4.64910957197956	6.21546014121279	6.7616425675663	5.55535135531981
8.02673816299694	7.02712060776702	6.15224097099775	4.92016063198231
7.5984416086232	4.90178352386094	5.23229541504322	5.32469259016304
5.50973054327238	5.06271714478812	5.69815541051513	5.95665545912777
5.8102050849256	6.62464867941259	8.0906100631587	4.96648870014467
8.00968753805568	5.62519272580157	6.05921475207932	5.845109757399
4.89990787681336	6.5045733239036	7.55639197940192	6.09406688802162
4.52750663696103	5.29770605021861	5.6746883092557	5.89835411521932
6.09229254471264	6.52267277846422	6.16229850587239	5.86621832365835
6.63784742239355	5.64603325183498	5.9311142822643	5.49655393235178
5.5271769354561	7.10121409325626	6.98196245766634	6.64808562043895
5.75001961501625	5.31868110037772	5.87952391903466	6.28993390038258
5.51676250746763	5.2423660273536	5.44389661368922	6.46572231171895
5.76074220183905	5.10099107561828	5.41835513754781	7.09248547577853
6.6170276085163	5.27536886063585	5.84205271362849	6.08509658640735
6.50703625092496	5.98111734799216	5.5356653496017	6.80368534019655
6.6553870752354	6.76700021497581	5.5798933590201	4.93303488037548
5.35758973349535	6.03976127000509	5.85812123161597	5.23407597518512
5.83310358962253	5.72866774903126	6.64569535918723	5.44369678266808
6.06454864077801	5.87226810407242	5.8468798725566	5.21121882118955
5.71032964273947	6.58296127635444	8.8969815271425	6.0563875447019
5.55179121903179	7.01597329728324	6.38020361399881	6.36551608007004
5.32558962937576	5.19868571534997	4.8683862791226	6.00814198304863
5.17828907477359	4.80867486016446	5.8241986034656	7.10872485336856
7.03528180489968	5.23903805456833	7.16421255746768	5.95374473329522
6.37383613783282	5.62804588740914	6.98130457622954	5.40838319224665
5.7601681523496	6.02392403373664	5.90414834621989	5.57460811043183
6.37218559687711	6.08184016766035	4.88033009830986	6.09524010180571
5.13277873875759	5.82303276618117	6.52088139718818	7.32715541866902
5.99383679315841	5.32138288337364	5.01986927301697	5.25533799957906
7.27094184767914	5.87618736652834	6.85465196428358	6.69769496668803
7.63965555505022	7.81971563709808	5.95168226108384	5.03324333364263
5.44709681356784	6.10237665101234	7.17412575243169	5.417637208602
5.88404785882009	4.70946706224555	5.56520817720516	5.67902022319857
5.98755071033506	5.37880426501642	4.52262920863737	5.6777037230956
5.58713289125351	5.82486029854307	5.28186121719191	6.27788917636827
5.47600771315042	5.30583111112535	5.40037504071312	7.13617309338682
6.52142296705458	5.24230181547075	5.15523635337331	5.81981053577059
4.94216623084693	6.4401339206654	7.44291147591184	5.76439192269547
6.58505693675493	5.3602782274345	6.76937988066569	4.92393166241096
5.61386906035411	5.48285761266461	5.29069095982187	6.0243094140334
7.65998111334863	5.88368926776941	6.09023217840209	6.13309369517366
5.83526031698299	5.37470138145326	6.38724628375504	5.43281407235394
6.84692562697132	6.88145258755777	6.72381547680677	6.20499124382531
4.99718470165941	5.67408003453066	4.99548584930862	6.03022369414461
6.02409815687396	5.9391609600731	5.10954728900774	6.86042834225353
4.33691283872582	7.24430065104679	5.92074125951062	6.14577883035979
4.32187555918316	5.54395931890661	6.48277759322057	6.17787175573036
7.34837916313121	7.06068339205445	7.00143535601717	7.42492835230947
6.62407836161532	4.95601345207196	6.56458496623591	6.33082368620459
4.73613583442987	6.95388708576775	6.04501084403462	6.9475610660592
6.60669013715911	5.74919425433147	6.41533085277115	6.02472782491271
6.29194502685856	5.40306382512762	5.27402656281654	6.22881322547768
7.00609750544869	6.45685091341081	5.8499671084086	6.65288959576336
5.18236244672589	5.1826192090826	6.49737432890866	5.91236497448518
6.74252638469354	5.7384778152434	6.37037393698262	6.53132252838763
5.82208257533549	5.68842776829362	5.57126446655636	5.99251219360819
7.07280825701966	6.11215560257306	7.53215396783053	6.1886594395849
6.282356495799	7.7564866233471	6.09765973107195	6.11014725654073
6.70535918644383	6.19462166601962	5.63547723066101	5.94128953486817
5.45083912097416	6.72627172451366	8.18452335809192	6.47114838430309
5.92951534156587	5.0410368415646	5.99733661858488	6.51507884829305
6.02229129665856	5.97327537726545	6.67949114577091	5.41892580360497
5.28832039086953	4.81122288727521	5.16761599098836	5.41275813567986
6.45103875186413	5.16890504519429	6.28415503377223	6.38359789297042
5.40697361438805	6.21295641843668	6.2439626892865	5.43531237071303
6.09301085738529	5.82149343774016	6.31411548980126	5.91051839752124
7.34369576698473	6.04133403844432	6.09360467047671	6.25810219539607
5.85794753546166	5.32699725022245	5.0693761943598	5.61905457917871
6.40973651587012	5.45392724249353	6.0649724120297	6.19884833819608
6.15790259238892	7.29156831135324	6.91219225177188	5.10940769181073
6.33311025354219	5.51673654475052	7.42523551084591	5.72232076972008
6.18228832275594	5.12733512478713	5.80599290525835	6.18636736612575
6.95579536355578	6.39526613392661	6.16109661643741	6.27528969082396
7.31355637858473	6.63619932072475	8.46301200152437	5.37761722690187
7.03812529297948	5.71341212930423	7.11834454556719	5.58309286857539
5.38276244727168	5.13460975326945	5.33584913097496	5.94311879301496
6.011499653008	5.27396086375995	8.9597117198394	5.62187015291745
6.09437138752833	5.68376504952833	7.20588265226413	5.11214924603342
6.03171498194573	5.08132665241327	5.40733648762385	6.39804013746057
6.21237261467599	5.545564818866	6.8686372877236	6.23288623963926
5.62471829489228	6.08508546680658	7.13279531735798	4.81530263441041
5.48978905258148	6.36637769229078	5.83777890412941	5.3221495800741
4.76083672397481	5.53453122543669	5.76366614741007	7.36604775908557
6.04905413026103	5.49684808265814	6.11984314063446	7.61594142490415
6.12439536270952	5.94572663302327	6.16777485530173	5.66849606135787
5.33835529856009	6.89769089404792	5.50358548632109	5.54330575642546
5.85353016064234	4.58464257055348	6.44954944990082	6.05377322141959
6.88262665177486	6.57670349600508	5.29685040694406	7.67053026686857
5.52757496221155	5.96084991473525	5.97394599820074	6.37391017490727
6.44195797200263	7.22618025183263	6.81573510543973	5.21259094874483
5.59542438549542	4.92585589486463	5.74356557341477	6.10929923805934
5.94934546506311	6.36003284715895	4.72792018761823	5.59861919467777
6.13297959035756	6.89092686241084	6.18289149970127	5.32432732459784
7.20237201535815	5.6333557556282	7.14481315088301	6.2640909372949
7.58940307339139	5.78225093444995	6.62201850925446	7.68410892341748
6.47574752587352	5.84069849486297	7.22031049440965	5.35398744496905
7.07516318046587	7.83122906945724	7.99411783690775	6.42142919863317
5.52694541971516	6.04736988927648	6.59828917395885	6.08428494510449
5.19303855194522	5.43968070891339	5.53106026454005	5.99985329567994
6.39967646241754	5.04177394233922	5.76528992340172	6.55597222662641
5.12998739764974	5.71040059021146	6.15796629040454	6.26083329450798
6.65470890681748	5.49220248042811	5.82083656928066	6.48151558258962
6.00237345410861	5.82244730851094	5.72583145378242	6.90868582543116
5.30841088174096	7.83031951987261	6.0846115417305	6.45445207883806
4.6745902220032	5.12626440411265	5.77987853590886	5.63907280340138
5.27459390567678	5.3197995143296	4.87169101264511	6.89748204464024
6.16501078968034	6.26557700759112	5.13063451843454	5.83334368858193
6.14637455556778	5.7511417487578	5.48425977963865	5.86907007398046
5.52821288686105	6.63345355921176	5.4673159407818	6.01074578225682
5.13517172987893	6.98653368170863	6.4125769425763	5.64696771447687
5.98942939586558	5.42373373646098	6.27809786163183	5.99609325080571
5.25400200896082	5.2082981911431	5.51776538017459	5.3707403232307
5.82774892176888	7.16956815447274	7.44595912846541	5.36483110637629
4.95879483673955	7.22410691551343	8.27389959858133	6.26256687576662
4.98990753551164	6.69011039920554	6.20884192997606	5.54542065708671
5.28769251813154	5.09320407505063	5.34022767731111	6.07587970688286
7.04701202191492	5.03887840489583	5.30280998264713	6.77278578393519
6.53885630657498	4.71367882776024	6.79900843021022	5.44407368070027
6.17501489142612	6.05293657275038	6.07038673404614	6.77462960188776
6.83150835687085	7.15951373554509	6.94160906680961	6.58777335938071
5.73259205522093	5.8690491272044	5.93812634561298	6.05938888880119
7.04483329433183	5.48205376918053	6.82752080519388	6.77637483132917
5.48369061627144	5.5800596702625	6.24778427650692	7.56040379858226
5.51644083039109	5.9971217659315	6.82083469382646	6.36653164268884
5.03385697197459	5.16619012348808	5.86961608942904	6.30963462250157
7.05643684342115	5.55585315940332	6.19225589855022	6.26776460760498
6.25494436654122	5.0952744398198	5.89724772803352	5.70783391088713
5.21365796187652	5.11082998480393	5.61263867058743	6.26674439710788
6.87519775125187	5.65286613874852	6.6136425616317	6.35157004404257
6.0806888950217	6.16896950918438	6.89134514161289	5.13114537976406
6.39548338427926	6.15751235256521	5.65427627452585	7.53776298556999
5.34737180632909	5.33994673942171	5.03811539377707	5.37224518480376
7.25745226627801	6.17863798502035	5.80388398963989	5.77823274388437
5.72778343771194	5.48482591457775	6.18987935878028	6.71278701750742
6.28863423073032	4.9295315625779	5.04529268742947	6.23266585240363
5.72568231576246	7.03548328456692	6.00791113342982	5.699065749651
7.44267834069182	5.65163435368373	5.20112477940405	5.81572679763499
6.29874301109886	5.92209405479617	6.64333112028271	7.67408548780767
6.89297908379431	6.46491667056279	6.20883459066262	7.21357790430657
6.33797702729483	5.4628488427462	6.40197989547347	6.33192799068999
5.90619195271843	6.78299473504643	5.81563101511985	5.58988322259462
5.15790023724621	6.97702075076772	6.33759939598419	5.06701500234106
5.86658700996164	6.42620077514117	6.33835414900586	4.91544561063242
6.13336895225592	5.38020546828949	6.06717557559696	6.23658425709578
8.24763331051521	6.77414060203805	6.90835215513898	5.39923929733237
5.51620249629722	5.86982003576312	6.84618199047152	5.21248476310589
7.12081891009126	6.5621866915919	6.87621958990929	5.11247146488524
5.53702305934488	7.65830251119375	9.61184531552792	6.19929018379542
5.77245874424662	6.00275579218433	6.53722118989001	6.54519303456375
6.10663403811336	6.01773477718477	7.84573336601278	5.86426897184245
5.33372536076358	5.2423023897621	6.49125063482341	5.82096099062353
5.85446804960504	5.86724988858744	6.31202304898542	5.84301927135566
5.96756980990147	7.83109865372893	6.95002109621331	5.11991626350425
5.56732912711664	5.22280346913609	5.69365861674822	6.23585232206567
8.27896659833958	7.13728514549931	7.23631346087887	5.64219478775511
5.48327787994844	6.79833511828451	5.6321404178201	5.53878531106918
5.6590454340973	5.73169824439189	6.89641851762975	6.9353278592015
5.70943304082981	10.3824386965741	9.29824933172391	6.1066789710126
6.58444429020914	5.84579740995255	6.47342939487674	5.54864661953656
6.23737506580523	5.70709223871252	6.88605920415653	6.80088893154467
6.17580138673868	6.02717735525874	6.44536633156948	6.52484075021442
6.35290887893017	5.50738043298279	7.28761115036935	5.4070735047996
5.22715387846018	5.67560855509318	5.03969481409044	6.37124811702903
6.40381566479878	6.03577333941933	5.48807771521439	6.03531752321908
6.3477158049386	6.90665518503732	6.10439896247328	6.68950914153335
6.04715635232595	6.15107561160582	6.54381837760996	7.24221689790894
4.89113187846027	5.94281788242691	5.44288892867617	5.89384333238266
4.64087370383879	5.53046350788229	6.6465127112146	6.38809624773358
5.64786718111041	6.84074945974571	7.02535156819774	7.29082298689295
5.89714189042261	6.95972009583222	5.41896805806126	7.57834420273581
6.04086053843791	6.13341486973822	8.34711885603922	6.59235421077604
6.32521488458025	5.67079440285698	6.22372519199501	7.0899346093041
6.77001104289418	5.49107081035416	7.47295948805486	5.08227139206867
5.94732901167532	6.59499509368227	5.96335328352581	6.47099393876693
4.91317764680261	5.9876531645259	5.3809763914736	6.32044186228974
5.96146811770047	6.05471970512562	5.69160296291585	4.8991639473439
6.55515232769019	6.61041878441624	6.63756772484304	8.07276202295029
6.13398285087408	8.31353159229943	6.06988846172025	5.2313052622236
5.50740351742741	4.6745986807953	5.26225174010791	6.05492371481731
6.76052741593453	5.46894271006961	6.27869043105785	6.24036972837461
7.12979031363707	5.21200965936753	6.74014229733819	7.10316038950219
6.18770962080635	4.92076369878907	5.87809074879497	5.99383559595094
7.15046589445674	6.15667146566795	8.23382237967129	5.95000547273874
6.10617859509483	5.39391567098634	5.60521000919945	6.10797581028321
5.7246111010249	5.96696380529927	6.83577475752628	5.41759595193933
6.44334378418622	6.28450600100058	5.31854771161208	6.10751649138052
5.56158548273639	6.34084652427928	5.82209643738168	7.53104197743095
5.57949107967328	8.63866942115621	7.70004219377456	5.9071642905415
5.80370732137172	6.40817130536867	5.54674626137522	5.62695948679208
5.55761326377624	5.5369233559686	5.55465738281193	6.75600154705945
7.09069162721591	6.17353853682075	6.34948472055818	5.54417872216094
5.97861355017817	6.37116674918589	7.10095251925865	6.7673834748905
6.10763894957129	5.9081129792655	7.49655165210366	6.34477707158435
6.2800030527093	5.45009509509904	5.10823222890735	5.78651246781234
5.14876172904097	5.43850180837694	5.56980669582178	5.70166099089415
6.41799769248852	6.05679631596965	5.69630028420524	6.81765510651125
6.66990478307685	6.10971518610304	5.81367853335849	7.53968477629837
6.73323714412475	5.75555360928541	5.33879255289574	6.88076327466823
6.02682330168161	5.1095329220584	5.90676086514937	6.86646832294931
6.65069726894206	6.95839256380052	7.02866562654577	5.24534555467637
5.61381830267165	6.30906640600156	6.07299271133542	5.55478196038459
6.27036186985652	5.68061347225308	5.61175401626944	6.30552198684751
5.26396276262084	5.31669898882094	5.74372985037057	7.25266100995469
6.94349642545594	4.7578234966326	7.46447722034874	7.22368701924461
4.96809401095212	5.79465597533565	7.06380801808741	6.31073522834249
5.57288100863368	6.16745805089996	6.15799947423218	5.4398375876712
5.53512312863193	7.23013367870581	6.35616805145739	6.57876234960514
5.18376565488446	5.29955930189945	5.07177229402922	8.05586005201826
6.26947752288244	5.62353038273261	6.08332894011901	5.00932706471801
5.42146928320577	5.46771016101087	5.23533319827522	6.26820936383266
5.64544016139349	7.55257659091864	8.23326516837492	5.06364744876517
5.85704662020514	5.71543714657056	5.14985439786066	5.17876652642489
4.97858878846735	6.1352767646631	5.84511664172494	4.77451909635359
6.38403494981601	7.64930511893412	7.47484146261179	6.2689979410806
5.54831560164527	6.35784729396838	6.71167987696851	6.07942052335492
5.19000692826611	6.08465907739605	6.18817438207643	5.60205317971796
5.80384825306883	6.89690769277726	6.01780848085846	5.55356119581552
6.76432547134528	6.51904507540621	5.27558748643901	5.41771356680874
5.55900777387203	6.34757063670219	6.39574592993976	5.81970020737335
6.52897787995103	6.37302579744521	6.18604616103175	5.98027622935245
6.41269309685129	7.5551786237834	8.74000224286309	6.17667051816342
8.0648992141338	5.20056970058795	6.80464578855253	5.53030067959538
6.32355994115794	7.11326223960673	7.35218937239772	7.30168805840164
6.29538958197695	7.22534086193925	7.22803168686535	6.95180334438957
5.07928266075958	6.57906677042164	7.08204259961929	6.13287945075546
5.47580393121899	6.42288441898262	5.38721828524875	6.79917148635442
5.53734761485013	6.88055548231624	7.20881901778172	4.76324416171793
5.70052764053407	4.98406240028774	7.48195018911773	5.01571675297494
5.39781122105571	5.81536388004816	6.05150580340691	6.12724472964658
6.2347871375243	6.34324935445774	5.74064270453009	5.05830240027047
6.21308909378463	6.99659915891259	5.02473748569425	5.51672623064923
4.75442187146101	6.64356680382618	7.69350785953098	5.43260285180223
5.35190011053051	6.33266222103398	6.83579667745311	4.9624979562206
5.56119214441497	6.4509914583419	8.16414758148295	5.28433592778215
6.03765810730392	6.3070971409435	5.97279135202311	5.48896289925752
5.61533315897134	5.14482030399395	5.38546782541291	5.73764466403361
6.57870349442036	5.86312252171566	6.4569293436038	5.91041278104987
5.31535905933786	5.91349875042484	7.37391009590003	5.8947305200427
5.64038261193911	8.37564769575362	7.11537596305259	7.04444327837171
5.77696506617612	6.75109291488685	6.27846213617413	4.77741912279343
6.27166457584957	4.84877403721299	6.28594497546573	7.3824973847704
5.22124384963992	5.91735310043017	6.46948932771761	6.4166285565523
5.56676862326413	6.05922664765782	6.34956818592409	5.7884765691998
6.13357428297934	6.60233508940158	8.03642159049821	5.31285620526343
4.81261832402329	4.57282978705871	4.9024608390733	5.89198935702351
4.563644146318	5.21294105721568	4.65441915960707	6.07648772527721
6.87265379699205	6.72929092819099	6.74325283901984	6.79925036030781
6.59277388292543	5.73471381416993	6.08726505912068	5.96843782326366
5.63461210587634	6.05549927746631	5.55634970229796	6.92885301816108
5.24019944642669	6.67027697445625	6.05316537485417	6.50022372390166
5.32297825684268	4.77327415055611	5.41698582438389	6.54789284454185
5.69941929685225	5.67347074837366	5.65577101164113	6.84222856814587
5.80834770467639	5.84247221756383	6.83739540148434	6.30415294956775
5.05367369365731	6.69198424677787	6.15539968033674	5.28736778236233
5.90503656149564	6.60879551716862	7.58220043148205	5.57852395948149
6.48115941067307	5.47981873885313	5.8229830622704	6.39575450101822
5.66866079441001	5.94168708477805	6.56832075408482	6.5131491030641
5.291178578118	5.44681382900397	6.25173740024813	5.29808835497271
5.64459900990282	7.36553198845147	7.97776405567626	5.56193029787524
7.31387659081098	6.08603302720142	6.12711811122814	7.70356696210599
5.34737766121174	5.86473648545233	5.09737255908886	7.84255670915778
5.59635271772053	5.5049331389982	7.49693967019132	7.18198697880873
5.58446692063918	5.90835389965123	6.44365169775182	5.27653450062815
5.5660329634823	6.01130469269321	6.81221927072622	4.90193258345637
6.32460440590908	6.43277499878223	5.92088756345478	5.83327138717993
5.4697170118009	6.3251792841675	7.26893456353875	6.68162600061862
7.65404040030734	6.54832269232799	5.84393594665604	5.24683131687681
8.46500367234628	6.30630003593166	6.2578117500071	6.79273312980133
5.59777317802458	5.87041329486984	7.10623204799506	4.99807827112354
5.58100638515057	5.82983280361821	6.48446362531697	6.83515254390428
5.75019519863652	6.0146225502776	5.92006682115851	5.91317620430656
5.07763863053733	7.77882195360254	7.61290403989797	5.37138336244727
5.22633602458895	6.39705197938751	7.6990943061498	5.82911953244049
5.67001492844061	6.19736763574691	6.76295695923104	6.00970787918224
6.02297928136778	5.38745050874878	6.57320306170515	6.8551009114441
5.80962277910003	5.5302915196601	6.47426547000553	6.12015201414168
7.23470805908907	6.04165824665087	5.7291308233495	5.77139360655681
7.27484720822487	5.699046160984	5.47745446777094	7.67008064191576
5.13059952558426	5.24642871364491	5.14159305854985	5.07503778255233
6.3566007423452	5.47683980814905	6.79985013527143	5.30866494172145
5.03035610121849	5.22129616260084	6.21833837172766	7.10232234450274
7.25098056079831	7.41558375617415	6.98324504879908	5.55869824961336
7.16854206583266	5.91605197453533	6.02691204615151	4.91332148697335
7.26488865538534	5.96105140666653	6.16996543867027	5.93112999373368
7.95760957387452	6.58555268461839	6.46317039524533	6.52192710147161
7.70468622875587	6.58242254438064	6.27118733666491	6.07947926285108
5.06257745665881	5.74345558408486	5.99876118824422	5.55772834280379
6.73821245226077	5.83822365891466	5.65691208905573	6.18229462936335
5.55875140240754	5.38464655108867	7.25727386873658	5.98152319053297
8.26020806555744	6.31606527899939	6.73563880689	6.14621019651008
5.60069129236843	5.15464022648143	6.97067521897231	6.74124724918604
8.07661455720667	6.66105582492037	5.56448987373411	8.64626282520045
7.09727079024523	5.98381848577599	6.6422954202498	6.06581422592683
6.5972442429224	6.8422505498494	5.85677467193735	6.30601254482152
5.36649459546402	6.95426183224062	6.36912748934538	5.82733250038936
4.72798263511433	8.12837421477312	5.07684261307069	6.10873897602126
5.68344902609348	6.10649898212766	5.19705593442036	6.58332391409713
4.83563438489313	5.74006806498124	6.70371265476331	7.79681842713134
5.89543586160984	6.78394690772377	6.60854413328301	7.39818025001646
6.66693665212079	4.82960704597649	6.48474192766134	5.66275575529046
6.29484905099	5.23978824356706	5.5247356763913	5.40356202946626
4.76916445663352	6.43385362116193	5.68534934040159	6.09400712000013
6.29588905619831	4.87947175766719	6.10208431608175	5.21306374684913
6.64997461727753	8.56896726420101	10.9572790343503	6.15510526893145
7.23855056201944	5.179046302726	5.21994921342214	6.73465481009519
5.56141162665776	6.49546401356929	6.28912003072165	5.29873593085354
4.52690460573258	5.2754689911718	4.96721279808482	6.47705706412554
6.11889626612243	6.81620224603081	5.87493295192632	5.46054641631653
4.92948116509999	7.66589467638417	7.88450827874755	5.48077532199775
5.3518302391881	5.6140327918044	5.72926767639989	5.4994114440954
6.04089666212093	6.33820469195927	6.01113956740039	6.16622225036035
7.39222981123548	6.25403917148735	7.6059794913713	5.42706995914946
5.73767489744374	6.86358615493979	9.77518966087458	5.68439991903578
5.16497618442172	6.0349738422161	5.70942638415912	6.9274988843398
6.85465549478636	6.46819079917516	6.67447745677284	6.47356511540636
6.92783741784451	6.27962107152631	5.65755796556526	6.9138462324355
6.34198948381427	5.69760825987634	5.47883355986057	5.22642909004271
5.6806900906988	6.06284915333104	7.28731887785315	6.22748250034553
6.2207273222333	6.82397998327536	6.61094962956061	8.69428756154259
5.28557202514521	6.35221676683659	7.50617103670597	8.0195089705666
6.18618964971663	5.89912173201796	6.46644077447134	5.64387024299614
6.09587652654945	5.85733472976468	5.62924055544991	6.82912345838421
5.42224386613859	5.929284467921	6.02750030931279	5.93344825360768
6.78801255848524	6.49039521311502	5.93564679580326	6.58047642710577
6.04770862512242	6.44176691723305	7.49519948345599	5.42974882753943
5.66045851898563	6.0483569900857	5.56390503339551	5.2110517934569
7.34269528349151	6.29456612205466	6.79979184936721	5.98612964387444
6.55056717130012	5.84700495753211	7.40527930793295	6.69982769261596
5.61416107481118	6.18059046463757	7.30809139078249	6.33668022531369
6.59893510838353	6.05728653210881	7.64891776132174	6.35530658312546
5.53602741730102	5.2257453313191	4.67106099725235	6.13434490934962
5.43352211716827	5.8328249504837	7.09788380396106	5.24333227105306
6.93507091377408	4.95097497781237	5.17777668156103	6.7230708965296
6.11940445416345	6.83071246604167	7.06747407192096	5.5383923670836
5.51839987849587	4.76006787168633	5.03995732197799	5.24139610173032
6.2199947226749	5.94966595442696	6.1713583734281	7.49128360511034
5.51075218959172	5.11383072287492	4.77479046610846	5.95625315658229
5.65132226578145	5.66496299022769	6.40264292199222	5.6465288827431
7.36158089775835	5.91165717171492	7.47105998623308	6.79218192390043
5.15473757027813	6.42575882600625	6.61127567809202	6.57684470002093
5.37123460085743	6.21518582981784	5.78206760337466	6.5320860184496
7.89364027104232	5.88163911734288	6.78405603286499	6.41385443294487
5.40117989000205	6.86249295021179	7.14277482058212	6.07215690686998
5.25063630715031	7.42893289806458	7.93018847722861	5.96874098211435
5.522565321621	6.21087449082412	6.19968881114587	6.44747677457408
5.37547738018629	6.0069334221031	5.78204120620999	5.95892267122123
7.39420059505882	5.30343798587297	5.59952144007339	5.93444839857682
6.13992552254261	5.94095287812584	6.04917371631762	5.05504388818363
6.87306446430304	7.37016040355372	6.84236468879467	5.0715518531269
6.01008421261002	6.32704558351837	6.96318409831659	8.44764181599463
5.90665796639658	5.88768467605551	6.69056675335957	5.86359242746007
6.1139014465531	5.40389301885949	5.49186491664404	5.46750525093258
6.2703751869885	5.64153100049128	6.20097735549894	6.51896433385421
5.69706318155482	6.58408937560762	6.43448919724187	5.87394987642134
5.79387648739358	6.35800491049085	7.09119832439748	6.75538848235953
5.48492374727369	5.9367336852055	5.41627830427051	7.6222478989007
5.741285774983	5.12484028190212	6.31401592060277	6.77023309766443
5.77374121220855	5.13363986290532	6.76131305990483	6.52705948630469
5.96613752568012	5.33275072734238	4.65159333530188	6.2391924331771
6.17174888445102	5.46209020882347	5.22167117525673	6.41693314803591
4.88918205904914	5.70550412402783	4.99507471342218	6.25563334521599
5.5856030210858	6.52433257609318	6.1178012069064	5.48506831630127
6.35700026305616	5.54187477588758	7.24823980725131	5.72065653223143
6.02497866132603	5.26515200765483	5.46864208840478	6.15471078561953
4.9346867395712	5.20163576117587	6.44865935774522	6.66326808086852
6.42968473784872	4.96249015931613	5.06677708964795	5.98523285979453
6.9858326926558	5.18135907775344	5.41688325981815	6.68372833170026
9.67149453990851	6.76285528014085	6.9295180838976	6.0037565562959
6.69494095813189	5.84091098324253	6.22309026562663	5.96716114660853
5.63154956387394	6.19484652250007	6.09867293744461	4.75714562758012
6.28027957976155	7.38676490254563	7.64577333408394	5.64399845842996
6.43898823811008	6.12130415096644	5.96257424189963	5.58172553026474
6.41434577860085	4.95524948741593	7.56818319620742	6.66922886627298
5.11287663060259	6.70379147233244	6.84796939145237	6.74641051593389
6.64714979086886	6.13466469143138	7.02685778594926	7.68101514782276
6.27702808320068	5.36959226692734	5.55364780392515	6.32919346379147
5.41458366069426	5.31337718740684	6.15107600494947	6.19267526508193
6.09762991521254	6.09469234289017	6.2751927228111	5.869896828025
6.54985331353364	5.23420150063938	7.18525654560398	5.37768639763297
6.13562527300831	4.79848576260518	5.10717139276877	6.95731203481849
7.88677999338465	4.97823894972908	5.68847498506621	6.94740858123981
4.96959563946347	5.91891811711729	6.83927035238895	7.02685988431646
6.22989055772911	6.1081398801628	6.06216278885806	5.73537145124315
5.0815249538972	5.98771015099806	6.37412376840769	6.28915060017519
6.09152428790759	6.52606772034621	8.02132044105355	5.14428893446389
5.5281082559566	6.87963059658385	5.80970626102955	6.4443237660907
5.48919445173093	6.34447055322384	6.44376395439193	6.8889822841359
5.48799590599227	5.56887705520875	5.462487797144	5.54415574655283
8.22514965291571	6.14587785252307	6.379540991886	6.0592302712427
5.11817676579511	6.2963981953731	6.15919231673158	7.30514327324738
6.40878220689877	5.13179674654488	5.55941544491366	5.36699023736408
5.1639776010137	5.7807602256343	5.97059024182339	7.48112080666173
5.49507021216503	6.21008471326256	6.08993686313135	5.46033647405262
6.07727101518239	5.69619114003666	6.31053420835534	4.87159007375808
6.95614201055321	5.47674085133519	5.96993665010334	6.63120543768753
5.24970651404569	6.77231985141255	6.5834068970149	4.98132703287116
6.32919755814879	6.65658336346543	5.79218488490851	6.25868485757522
6.33372449372599	5.79760738794164	7.79503769237315	7.94814015809581
6.24287976589188	6.47034379828236	5.22279861845447	6.37480926388874
6.0924814215476	6.71486548852039	6.55162523407021	6.61301890316359
6.42074763714019	6.11321210863837	5.87285615376017	7.50880910809009
6.96726370829518	7.08334019254889	8.15458677596595	5.13241237265018
6.04562620022257	7.19841798479733	6.6628718633597	6.27862569377786
6.55679614226704	6.7379199083673	6.51348923656266	6.3629060114463
4.87840719866485	6.09554562837807	5.54000180705037	7.53694462546971
6.70756578818143	5.10393111761569	6.02838991176747	4.99512031351667
6.88725790580114	5.51454250227705	7.15074620786063	5.00387522526319
7.71158195553411	5.25541056244952	6.80181299610104	7.16732787571551
5.37689996849956	5.57210082781478	6.80788486775087	6.28932665847257
6.61919414020601	6.61062007754729	8.35132742441513	5.45375824912986
7.34644846406054	6.46141515902797	5.41971622148974	5.3548602318541
5.70112701226648	6.11563353675424	6.3357951350075	5.06483559954748
7.33534892058668	6.61383477021221	6.20379857508239	4.93502027195994
5.53378730539153	5.22333126249829	6.47931260975779	6.1419922121864
6.01847916789819	5.22540267304731	6.32518723106937	6.00313719308074
5.53411458710971	6.39294182137721	6.19705906483545	5.77319339506764
5.72008772916146	5.42932469914505	5.73191342905611	6.98659580189212
6.0765138968879	6.1524101902874	6.35668846021837	6.79334930228054
6.01525976149367	6.52984194852362	5.38725442546589	6.53064371889898
6.24559679814605	5.34212862068338	6.96951974303376	6.09359805954534
6.47068558697691	4.98763667195028	4.88100077671723	4.7870529651618
6.47402414778885	5.34652720591096	6.07806835367417	5.63116740115393
5.83927616268576	6.00910065390808	6.64373801598078	5.18440012069802
5.31777606224797	5.20716954186473	4.89111850327031	6.95130679182984
6.37553082838771	7.63988928236819	5.54793697623071	5.24447808823311
7.54606786976056	5.71042812809292	6.288955486583	5.56427638327276
6.28155157984663	5.60400909380512	5.28813363335057	5.40802348926127
5.51219802674345	4.9060077064794	5.33227332568308	5.44740400563039
5.54710439864886	5.47966510206767	5.83240159953731	4.84062014871244
5.87269952616379	6.50725155672438	6.5871232673064	5.67715531940692
5.48081646860607	6.04084972364012	4.66443721488824	6.22449009395604
5.98719163163939	6.61477563361919	5.95783409106961	6.75071760498207
5.02099802058651	5.27095608111409	5.20912099018816	5.28869900111592
4.99792662208934	5.91452239941224	6.03407859730385	5.94810856374883
6.90092784158317	6.24838612159045	4.90222040198754	6.00145768257254
4.90193881852333	5.11409449940268	5.25567748827208	6.34360592461703
6.29159976372882	7.27972221586566	6.37169871674465	6.05450602439481
6.74473605546478	6.04531573464946	6.8661622365194	6.48788721229655
6.1988711031004	4.98650435416866	5.1574198327639	6.79679035014555
6.24290487984665	4.98018158244462	6.34066054127189	6.15873043185871
6.1260053009371	5.68287967516583	5.8969691630516	6.70040374596054
5.8066235670827	6.48792294109705	6.00600290727532	6.27834871128589
5.47126795230217	6.61034317312394	6.72534341198087	5.65949464786746
6.19901635500283	6.34955574758421	6.60396439683855	5.12073948173332
6.11598094433817	4.95342590766281	4.95384582180599	5.76287460469521
6.52970269959555	5.78487692250096	5.91532202234612	6.46246893211503
7.97664045994061	5.66945494689108	7.62040122181402	4.82004979946986
5.04762190352913	7.25494602659519	6.28325873628449	5.74788532929123
4.72017883386026	7.53044875464782	6.10374308946627	6.0286017069231
5.85324523276306	5.24174686932799	5.84500765550485	6.92126638648062
5.57615657252984	6.38374861627146	6.51847747677136	5.39033001610714
6.09081275591266	6.54605891741808	5.49973469030992	6.09645636635338
5.97895852538616	7.32973468970213	5.73830564151129	6.1817252409974
5.80454304719991	5.38877632741328	5.12947908368554	5.80030364896186
5.99962177295909	5.92474456084691	6.07409453896007	5.77904926933753
7.71285604329913	5.13586795864002	6.90298260276649	7.6489071743696
4.68808168785974	7.63547205905037	7.54370393171136	6.29276951826269
7.21232174262412	6.18349697612132	7.18829375558533	6.2820389088574
6.04781168208048	4.71831889222975	5.58157546496147	5.42387308528638
5.94176321277111	6.96803046446574	5.31698694663795	5.84265731233051
5.26257017273883	5.75801926768554	7.00881885906035	5.34232445066785
6.09457196161787	5.01982675115149	5.37136250855444	6.44461555569843
5.5877238804271	5.94464641911647	6.30356468904395	6.29443372337516
6.1195968816771	5.6961641190365	5.60411000983331	4.87905405426483
5.18174541455126	6.14910991634379	5.96257407722552	6.68556194214428
5.05471230519823	5.27619857986976	6.86239581398242	6.22373414511049
5.10501494083955	6.39652297504018	6.26982589069554	5.45309179638545
7.35084133248051	5.59158116394358	6.08945783862899	5.99917326125454
6.23420637818295	6.30758252287949	6.85842579845345	6.7210476919648
5.09047678888555	5.55587273518408	6.15091585740822	6.08589147182752
5.49831584163641	5.22882697289227	5.83130077519444	4.89045833020817
6.76975776371873	6.01060669611842	7.08651374940267	5.48780040959497
5.10783300688584	6.38552334644372	5.09312445955173	7.13180369663101
6.40969238547568	7.59590102743967	6.97199948465897	5.77277778860813
6.89891392546898	6.39207491339301	6.74457236725715	6.44756061289664
6.36918795927331	6.90287067879712	5.18254133824078	6.26268036192824
4.46868678853659	6.170900529242	5.54478506156558	7.4166180316697
6.39181799445576	5.28201127338708	5.14679784858891	5.9602480078843
5.64218971833733	7.14384668933704	6.16340574499834	5.25518083231772
4.51091768317173	5.66817048337069	6.12204224458378	5.66376734148655
5.2530193707152	5.46548732399564	6.2562473026016	6.00479875834603
5.55092141609261	9.51807246479565	7.7093288996747	6.50242352100219
6.46981860562596	5.60214355582293	4.99188119641923	6.64446689692341
5.84777522587122	5.96121757696888	5.64750670068937	6.18957489380011
4.96648703383705	5.05251807649539	5.06479689624208	6.06627129488002
7.20581393603847	5.79870167906724	8.22672028080975	5.51616237008823
6.54876915280632	6.1929086496728	7.58683328712221	7.06841039283737
4.91789453032145	4.77053365953718	5.6936581332185	5.89008770430289
6.36163544438213	6.3928120961032	7.77128897555383	6.85265074876236
7.23715236750166	5.74671438908662	5.8169429607171	6.39067606270128
5.86044252855785	6.05631626916754	6.90005152075418	5.73310777424065
6.23352286856508	6.48667697186891	7.39038040571878	6.18942958595519
5.26162884689	5.07049925951272	4.96210790853575	7.2217659680911
7.62560702209129	6.53734539603712	5.95679407677424	7.89010494281404
6.37754377993158	5.86953395622469	6.20640143577935	5.78483358829492
6.37430363649853	4.88469377748435	5.78219134811618	6.10298141258966
5.88618663273049	5.72333660096697	5.8207089753856	5.82795959661129
5.9016385622719	5.45879582300814	5.94655278052725	7.36550245639537
6.14513744977542	5.51745107473304	6.10911023792189	5.61912394367092
4.2873644736504	5.62501666343449	5.69077382662435	7.60577784923283
5.82796239519125	5.92378479471059	5.89619363879294	5.39542095789512
5.91770664703612	5.11799904866701	6.14733192865772	5.77024679745081
6.54537753342695	6.56856823111951	5.63148740501916	6.24193703716668
6.20085333549157	5.7246268454129	5.06049429640778	6.11379494626098
4.59960574994446	4.8442476034315	6.54855803760815	4.89014884175849
6.44176577889217	7.00735427009687	6.38347700609948	4.94467291832366
6.88896668032512	6.03093264530154	6.52727654369871	6.27367331161395
7.21273285268721	6.63618222942965	5.37935058822378	7.01106651533881
5.64925216495412	7.3978388326011	7.50300572947302	6.2450395884058
4.74512892940728	5.63535352340243	5.91613299395285	5.87311553479395
5.40678679649688	5.59810446882121	6.05808999720703	5.80698520972351
5.65307702981858	5.46504113847248	6.67854516778322	6.60038167985852
4.4903932218446	6.21648365051721	6.86498590464558	6.76201991516149
6.68722735990008	7.35234102258598	7.75274856523171	5.9774151874576
6.91309643091873	6.36019424879819	7.05872597133767	6.69218031653212
5.14131060599598	4.88859478547326	4.86336716370325	5.72849725860605
8.15187726691252	5.39477917334846	5.68913187562611	5.28023918265946
5.52610450983501	7.22533734266885	5.14807261974292	6.75725554243857
5.46240553972578	5.03054939549441	5.63445337760923	5.99598698313031
6.36359447629659	5.50909207062977	5.70976345125236	4.80500475376983
6.27073728675966	5.69095673697616	5.02134288949141	7.49008712574269
5.31489194428739	5.44083798316455	5.39358228975458	5.94256442211687
5.32783631798398	5.33454943123915	5.83396878719429	7.26215391526606
6.09193818726789	6.48663113962391	6.33201925102424	7.25971570510539
6.39323637761864	5.95017621761995	6.86263197742934	7.08492347907252
5.29394679747954	6.39222214803003	6.22404912610986	5.35492521962459
6.113229154962	5.43137612419152	5.06852724982328	5.87706650385124
6.16750025071629	6.60049935850758	6.28124808709843	6.26934785243268
6.36885666197319	6.23338656491018	6.1514276078102	5.6085960755962
6.11990255939199	5.82640379559251	4.97471806225208	5.29322623049569
6.39610914131836	5.84725403109072	5.91269774039683	6.47188692804525
4.95919962091438	7.76198091011406	8.69061095781592	6.29288573218761
6.46732914680827	6.83728643028242	6.15984945703293	6.18540845349428
6.64676266237272	5.74278972424629	5.4260444243354	5.3592787003184
5.85060873092768	6.21811519686195	6.97388116815898	6.77332200299047
6.02353564744669	5.74399344218903	6.44689415767743	6.8917602598401
5.34100587259184	5.93756439358609	5.95168536679428	6.32067792574583
4.78621713598961	5.29088532962761	5.7560869838774	6.30512102439988
6.98621548357722	6.26466156070165	6.02679017929202	5.97261127397895
5.79672598371882	6.39526894153503	5.51484058115321	6.47513085383602
5.58534294302034	6.58143420850526	7.18894588107996	6.47803656284998
6.00704653433077	6.08532143159446	7.51986976663931	5.82593491456439
5.69155843904632	7.66108125609956	7.37339823187721	6.40661488543123
9.45483030602459	6.59252900051402	10.1295689638464	5.84655726854338
6.93740833872965	5.98124667001699	7.01769474841571	6.53025874371527
6.93036622607779	6.13949818094211	5.94340144147891	7.98726800459921
7.46078412675137	6.4130312430184	5.76652238006305	7.40952755330147
6.47780399530694	6.90844884942521	6.03085042131394	6.09179808256114
6.2952010348292	5.2534133426428	5.57702977354372	6.14025687424707
6.91209505129266	6.17798208069973	5.35449577151457	5.721000203543
5.45155777726379	5.57155801305304	5.84851047733153	7.00414737384872
5.32787650987784	6.64586813880176	5.95034532500393	6.13865158215125
7.76942382972904	5.21656118453613	4.79045905553189	6.51122206530133
5.1486876460839	7.54669290793974	6.68663789624676	7.23140966649449
6.46078657690745	6.99382999688486	5.98761329804941	6.27865533231959
6.52048801996148	6.6626773646852	6.8904037992304	6.0453320530442
4.8123213528962	5.78881406321907	6.82331363649622	6.31619246279561
6.13915895247915	6.6883031482599	8.88409590444625	5.29403803673143
5.20876987575189	5.89197550036317	6.38407552940526	5.50932342666769
5.51389386681064	6.67956803808363	5.78824443161341	4.97005570522023
5.68319800801488	6.34357598551034	7.44428551759567	5.45179361527126
7.00137076399559	5.41193456961716	5.47496200534008	5.66019074791753
4.69724922064893	7.0400717995801	6.0253439831921	6.23954442549363
6.1729474692661	5.65316610597207	6.5286308178072	5.66825627981412
4.9038470754086	5.91133153129889	6.74125331722965	5.95736443409652
6.70225247794258	5.9811422097026	7.53095974713379	5.7624243157112
5.9721633482055	7.16846779902059	6.92793294548912	6.87662228517352
5.51198658670276	6.96409708975762	6.87597993095233	6.61051378179645
6.45649801792878	6.06247225217225	7.13038569211381	6.59117503050573
5.59577437054538	8.52569146868992	5.59101676896358	6.4682626343439
6.13672106654561	6.37541041033161	6.68727551207926	6.3325690874942
7.40025625907796	5.77594283147825	5.4225500537693	6.83384681274421
5.77611656867777	5.28903396019743	4.98723754195429	4.83607910759681
5.78189147453466	5.19139904071372	6.0154216689014	5.17477761543523
7.00440652477524	6.29380811965316	6.182826536122	6.54176076354254
5.92877714333265	5.98978709314417	6.14150074918665	5.72774652354304
5.39292026048208	5.75927609322793	6.70723282758164	7.08740899327821
5.69116231675399	6.77281982095747	6.19345446333622	5.28126524058427
6.81082566825231	5.07047789537916	5.0450989665295	6.85377205524492
5.32367845612263	5.96890255209767	5.52158216520624	7.66720870786678
6.12251098203989	5.80770174237914	6.9348732053864	6.15646922837636
7.86950651465789	7.39513413671124	6.27254529728586	6.17314622111646
5.79034540003764	5.74279692234716	5.09945183026961	5.91816430120929
5.15206236748529	5.521009509977	5.99937681772161	6.73877395449397
5.09326269443361	5.81495109876133	5.8073821017633	6.74137002523317
8.24105715723385	5.26362198603037	5.03597313351523	6.13339483217669
5.68580231274583	5.78156685981937	5.20957666306236	6.57385559044556
5.57863963597439	5.3026281538676	5.503998781314	7.60017982242306
6.60823971687461	6.23131351229902	5.9238252344887	4.91218262523143
5.02448149427218	6.45271667887807	5.19756583158094	5.73531150675159
5.70841646593532	6.23754314032344	5.51593236515925	6.60700267694062
6.25079592812379	5.47557384555313	5.12026508017205	5.16367276180945
5.68759494773165	6.22550775038171	6.16122963280586	5.69516148019464
5.84586334660095	5.38100353017943	5.49235092364722	5.51393564679761
7.04648424056916	5.51806959101192	6.3182860558888	5.72429332471323
6.34619586516779	6.32377320046402	5.50238198230905	5.7840749689641
5.87190119958894	5.78436561737592	6.06522030485989	5.42785133580434
6.72559968771169	6.10881947937948	7.73689291534682	5.24898355838714
4.93140824977974	6.59962505560363	6.19884715665846	6.86725991057209
6.6408543065366	5.45441299020517	6.24021495866583	6.4732951302573
5.33898938489634	6.81974790443924	5.54670987593844	5.73483392816107
5.57064751577075	7.86795754649715	6.07291673099594	7.65842863825941
5.54345746506226	7.05215577305876	6.23225706792368	6.9061132453378
5.70325641497469	6.04625657530226	6.63737438432531	5.14811410586411
6.63257975208371	5.73500144414693	6.58139294834928	7.20957147264905
5.25663521685096	7.97342326162298	7.22250739683078	6.75577901760726
6.31922999562603	6.70774717861578	5.48809283316079	5.47449940128745
5.01480262907069	5.85078252091009	5.4519701708402	5.76978847334893
5.64200691721458	6.92329550358421	5.82982142506055	6.64292875621119
5.97206955651149	6.29951571899246	5.61135777112532	6.46212491982407
5.90226785381394	7.05499579816104	5.91252161805833	5.30389332706839
5.37865711927704	5.22007998830596	6.11133495482163	7.18340727645714
6.62022990305679	6.82437462641316	5.32341617275423	5.33001117597158
6.76659128291946	6.64245359974573	7.549766485172	6.55155320812293
5.10312292840319	5.5793144125177	5.66152795048115	6.17847409592685
6.1020569799985	5.39526517645309	5.69537898836774	6.10226197720428
5.96504207764131	5.50712745281407	6.05235788439404	6.66339414061612
5.72879264822176	5.74991474439618	5.98633844344834	5.08432853218255
5.42214081434051	6.39685370396866	6.7264395937446	5.38668810740546
8.76220804637222	5.90320862049048	6.52289666424369	7.10137151376269
6.91601464216616	6.30870505610617	5.78707228057767	6.19414406568883
4.80532914526698	6.82501924744993	5.71768098889907	7.39991818799418
5.87651315814258	7.12742173839681	5.88641644220737	5.63465588324524
5.64325327488471	8.07916510367578	6.82509820872792	6.07923023512668
6.40812657228265	8.1210798806546	6.66546866627392	6.07199502055766
5.19085005588415	6.76384143579299	5.79127484142841	6.47431795364003
5.62105158983742	5.90969877331688	6.22113626026551	6.50029076436839
6.76544817706197	5.71522828537266	5.67691386374777	5.86353109767966
5.96894131325596	7.19172222588123	6.57141480259381	5.08660227104861
6.30570522945941	6.22546037117289	6.84488612523733	8.09170036997863
5.97837765805943	6.40222965997102	5.08422636962677	7.69530040723931
5.03871142351446	6.15832994547811	6.52970828505806	6.77009540112632
6.6858147545163	5.8205617227187	6.71383716758093	7.91465992221481
6.28437313400804	7.35266561295243	7.05027243385509	6.02301123111512
6.13979830162371	5.58444995389319	5.26610672784749	6.35602955818291
5.41423199188413	8.41109641396385	9.90291740887219	6.33273716720727
6.76804159966884	6.68327448307865	6.41232004426249	6.6838292187159
8.06033638449832	6.05313994680851	6.94463679161415	5.48872849596075
5.45543004873251	5.34364084884071	5.53808729620245	6.35501919350167
5.22618287473302	5.08194398323871	7.6812252867484	5.6764793547122
5.69481521553154	5.98011031026532	5.61462397568351	6.28147089657554
4.76789061943675	5.76824507502667	7.54845033648735	6.16419519810571
5.86470456526609	5.60972436279439	6.23529987776705	5.58745288829129
6.51631599794369	5.60405001582088	6.16801576414074	6.51819884449674
4.90244225243018	5.68999618684852	7.1162378945383	6.25049224529172
5.44818102838293	6.78845808744601	7.26024824056443	6.17671181103069
5.27511907855077	6.24989987531103	7.20013949742282	7.17821183759481
7.89325650707115	6.87919220449192	5.21271381556874	7.11187871113944
5.67378682239594	6.06721987188195	5.04743391900963	5.06806337602935
6.38165167181416	6.07859371326335	5.50432194932999	6.72308829110596
6.65337249125279	6.000134026168	6.03252049030615	7.02536229395659
7.14403092604863	6.28192095187486	5.43717860207571	5.91592454344744
5.63031513144466	6.08653709226713	6.18686430720146	5.41788084454783
6.77032504926464	5.28296510189917	5.3497525259119	4.15673750777899
6.86616964096446	6.38119775875653	7.57719017825963	6.40133811235584
5.56921589441255	6.32607343238571	6.53695623027167	5.70398224145749
6.00550741156949	5.98552654836841	5.90233831432915	7.1680748087582
6.99952989284355	6.42129869575752	6.07530637319321	6.16355096010451
6.8906314538817	7.18653370260198	5.42944973679246	5.99570173953634
7.98190704880914	7.65043580949817	6.46990877748037	4.67675434851708
6.87187796717362	6.19078815162046	6.21308287816368	7.10772702592833
5.68484381916177	5.47132926361234	5.69063410826394	6.25777890255775
5.53472001474843	6.04832198568907	5.32793072805821	5.35983895187726
6.29226526717986	5.00358913085248	5.2275424200959	5.7093648012727
6.01024364993428	5.54272448763015	5.51696111267741	5.69780483794059
5.55196800462541	6.49987020185928	6.80279272137637	5.57363513065059
5.35833561665714	5.54708478851188	5.86264609034835	7.22952598307702
5.40313993123088	5.69115584420306	6.02553480340309	7.02221171772676
5.20680921932898	5.76980715488799	6.14127662084546	6.52638590072459
7.09576909425243	4.64330008282609	5.43229971202166	6.82532896287289
7.39986159697739	7.73716138409815	6.04597583479179	5.64174716336451
5.20346014543262	7.61507184343717	6.95226058465791	6.54906986275446
6.26184665785045	5.16888765650498	5.54639091522015	5.35422101050717
6.4284749965484	6.18606037694803	8.22298146957782	5.03833303093404
5.73294710295906	8.21616738759157	8.27820463324134	5.39634087714391
5.82743801370561	5.13260544905105	5.99851370533269	6.16802893645538
5.61781017576191	6.10838246365884	5.74636057440359	5.39953756160158
6.17809784659852	6.29074711908073	7.06997228821985	6.14261779041019
5.6791831351139	7.14356006951238	5.44889176380182	6.37814420692687
7.38226681156198	5.0961963037502	6.23541228854661	6.00782431012972
5.17403543906717	5.68096406897913	6.3373795533428	5.49229853768591
5.01841410978405	6.07115228388094	6.7795347406268	6.66052654676431
7.12532364977301	5.57683476461369	6.38121392476341	6.000682565294
7.97352084256713	6.51549715144833	6.2287728743402	7.42458476470985
5.08041484427766	6.72926907890909	5.05442596477889	5.88197135455261
6.01323070836508	5.47758847849292	6.45228845087759	7.26422298311085
7.57960328235883	5.70473678592715	5.06585082602596	6.06525707766493
5.71164995522475	6.97500266774899	5.89439701568018	6.03186412680947
6.02667905496666	6.17890424716868	7.0427830237879	5.29443443466455
5.35523578496265	5.78615138217829	5.71401668616584	5.09965540031688
6.24270458765166	5.88227446540473	5.12542777862766	6.81738654899125
6.48392714539476	5.63112251411146	4.78235431533583	5.80178991277888
5.938442257548	6.75465619021129	6.30038063664982	7.45224031573246
5.26957165650186	5.46718543874999	6.53076280231789	5.8093343356505
5.64032913173929	5.02403427641839	4.89493587690977	6.16716440398501
7.94032699252857	5.46496118509341	5.98991447668125	6.077786440661
6.50350267609114	7.0014290579	6.65478018902707	6.68552775447974
4.38970962048348	5.50040589799313	5.11492127668546	5.82300551994969
5.79702160120192	7.33384105512558	7.42138544250439	5.07592296489144
5.22643284835486	5.08072155588188	6.0941749078579	6.734776968689
5.37395287982795	6.66260696284804	6.36107957842145	5.64350533218657
5.62057760572115	6.03501191429945	6.32565483054109	7.11900907195636
5.74501241027521	6.52930367109401	6.75306835165485	5.73611984165817
5.52161571665626	6.555947768405	6.22208659292175	6.65015307519057
5.9215529915582	6.49819391703574	7.57979436563505	6.34580944656526
6.68538432308416	6.66244375052562	5.75826511792669	6.0705666220937
5.47811497913951	5.2329698797704	5.58601927143219	5.79649141945914
5.75311455180847	5.51818588919592	6.84412725160884	5.93060257300171
5.30730177994826	5.47396360066327	5.50340132074742	6.53495375668791
6.90470292803649	4.81410321132948	6.38072922447633	6.01092093709493
6.32938211760949	6.10317192174742	6.98906208863531	5.6572520682874
6.14707547696614	6.05301319364905	6.24808681430797	5.89764078781286
5.26503744264287	5.75564594268749	6.00412792109323	5.77925098418707
5.81639560436465	5.76491621591731	6.73054343021471	6.94400147812665
5.94569386545615	7.13313896331547	5.98787068503165	5.68938366590229
5.32682822600855	4.9529050027525	5.3097013566308	4.96670524611654
5.21305168234429	6.70589310472279	6.40362085331535	6.76249823195563
7.24889819082491	5.40492071102114	5.99081999534146	7.23980714469401
6.17057329919588	5.0460808509907	5.2279911101021	6.91626402685822
5.99730306830243	6.3975691502752	8.10220346752705	7.63923180859596
5.74252337327257	7.07568471216452	6.22818526417471	5.72780604394185
6.55783686492936	7.35960114520065	6.16023697150681	6.29983069821005
5.72781932017664	5.30481357622687	5.96024863311452	5.62343772266936
5.79254227457938	5.2613451965403	5.60673861298656	5.43065765751685
5.44927233261532	5.09843578310822	5.00244202405193	6.55836951803511
6.33059535643713	7.32489011615038	6.47610624559951	6.56167159917294
5.29234288709728	7.11913446282371	5.61487677779573	8.47340001309797
4.90366440367696	6.02649411391059	5.91792910887764	5.68240004191193
6.41414838180977	6.21262144493029	6.67471939333175	5.24795972639728
5.78438218177096	5.44752968123171	6.93031930453824	5.7787798086498
5.66218034231995	5.35985962574822	6.93453055463568	6.43699524538019
5.90908184084412	5.52888906778553	6.60356880744352	5.55782880354977
6.22934398831015	6.3299177417078	5.49378219235164	6.78360447282529
5.19285417483307	5.55040273675007	5.36220224524225	7.0193409894852
5.47011285486071	5.66579781887963	6.14410386280028	5.9046705743339
5.68003609746836	7.36080508685017	7.13865274111582	5.43392588795669
6.5506744900415	7.72324128973374	5.45316145712991	5.74420866239313
5.93070317773106	6.98818116836391	5.55191808363681	5.65638162480876
6.91566115895376	9.81569039448092	7.20811174021549	6.15165614133219
5.35309655304752	6.86546257188846	6.89531202769783	6.64201058407819
5.89223836338634	6.04061966685431	7.39822669184028	6.42675508723035
5.401084339753	5.89323115972147	6.13171277114112	6.14468382937617
5.37629383884774	5.52882362698752	6.31460045490176	7.0616663021089
6.5260865473719	6.55194344302982	6.77683004455135	6.21637228519989
6.84939453256368	5.43259409100626	7.5029202396699	5.58984296045756
5.34993351393163	6.33420627533721	6.39565244232433	5.44526752113671
5.78560658079844	5.76639020468274	7.71891924888612	5.05051751835011
7.13040529010527	5.5167406625378	5.58647051170277	5.9809069689379
5.43766105955438	6.16225420896532	5.86898189176234	5.61817715286285
4.63303819013342	6.21074658095031	8.34687206744271	6.76478831147235
5.33854832480216	5.45350298462992	8.21451109685703	6.72729343216698
6.17986598328351	5.67194380439149	7.74541135536623	6.91879380521517
6.39627590943164	5.57599990703096	4.98945864029005	6.39579253287966
6.06702847632739	5.04302859185081	6.92282531573345	5.21072892745358
5.32761854018812	5.80561163015744	6.63758574101149	6.69850952497931
5.35886820476258	6.18957797969396	6.46146679702331	5.3107861568026
6.31250525359381	5.66748451312608	6.37895434216029	6.01102319755354
4.49622454164211	5.65385551054473	5.40892977589538	5.35550989201319
6.64935169835702	6.00698218359833	6.18160310946534	6.04289037716223
6.16586346913711	6.53117100945636	5.70172252111432	6.56274514924014
6.52068446133826	6.73705888171457	6.97837180166048	7.5263376912951
5.53842310325179	6.59937381880719	5.4538248483305	5.56599766264231
5.69506636268833	5.44065167632893	7.17705114111356	5.29833304436324
5.42117943728722	5.7542715310163	6.88241000202015	7.29392780765209
7.60470149993328	5.34139636905328	6.37962460451774	5.66932121445089
6.55225307281211	5.60742285251443	6.58618065237787	4.7900815015582
5.66014805516528	5.24727040572356	6.13637002547855	6.55589349398836
6.33397081157706	6.4606678078079	7.13986109773091	4.84041824382355
6.52915889877225	6.42671048489365	6.06444687813926	5.17192252363423
7.39600477758479	5.78683326674869	7.37054129618862	5.83343242814946
5.47638242033591	5.64181118008362	7.46157279688182	7.94115635496876
5.57273062395997	6.11217216005736	6.06346930923449	7.72160179593354
4.9467493980284	5.33176245792442	6.81415872307672	6.69947127705951
5.27700541322541	6.20357423376265	6.64110256004988	5.23431040665775
5.61405361400845	4.88770720728431	5.84594467907465	4.94260665582098
6.56822894744091	6.61775191733443	6.0021360594882	5.14584021474973
5.60952028601662	5.50755976806932	5.32161152634258	6.42780277632721
5.35965829607334	5.2160774652944	5.32475355672013	5.11144325571578
5.09506319934813	5.31111612597702	5.02849831995398	6.52542879612226
7.21906557741845	5.29795786884133	5.4280516347428	6.4568416906802
6.46602389019481	5.2528684192382	6.53170745389025	5.3770823412986
5.27064874651541	4.75580591702232	5.88397230969858	5.35895007540525
5.91433967971387	6.82124958332858	5.52156707375401	5.72816536416136
6.35023104278531	5.92200305571977	5.2902309738758	7.43385954126091
5.14069785414023	5.12676290188634	6.75215500284631	7.02879413164588
4.70392642842878	6.62979777584898	7.50454209541558	5.74933972122233
4.61714874444586	6.56512143753655	5.65884611713662	4.43753215821942
5.16765587306856	6.56344600167704	6.75673428417266	5.71182216810974
5.29871260069101	5.99968274821832	7.67714592621995	6.44644228036398
6.09278415345816	5.14068243077935	5.47521505346857	5.19891095859352
6.22132742987506	5.71164682844992	5.41534786581438	6.77388375837431
5.51812738616946	6.03192388625614	5.83549921490509	6.16257886732582
4.95970604703546	6.4191805021194	6.07570032918209	5.95478034014865
6.81211314539665	5.75452887757296	5.69065346496966	6.44230518368094
7.86257740521033	5.87927415698735	6.29773021883647	5.95956372090089
6.88512725091707	5.77448139156291	5.50414861785458	5.17745059159093
7.65088839259453	5.98129494183573	7.70618278722901	5.87251349348683
5.30233813334192	5.34120990165824	6.29025810888525	5.50454622553372
5.63683865112044	5.55204845735921	5.51159223556555	6.83484061408381
7.63940116196697	5.59083802550903	6.52859136774499	6.93442129025901
6.10425112471536	6.69328497801843	5.68804980468154	7.36832650496031
5.29641077982603	5.73349333691475	6.05631356803384	4.844206515986
6.37922799878754	6.9887932701745	7.06862770922822	5.61129474442057
5.7683154785447	5.36910507434176	6.15578263173584	6.22230920652906
5.73820498188521	5.03757389363023	8.17023665349003	5.55102679109278
5.61713986888992	4.8138090290893	6.2002460695225	6.15544708987708
5.12870356890732	5.25081642307395	4.80740929610469	4.9945463188254
5.64528315197339	6.54760802347651	5.8791897059232	7.38367703100427
6.26517488090585	5.6317091567869	5.00634486845799	7.00160147739524
6.82361947204014	4.90458302043746	6.51287484322762	5.36686715763949
6.04605008518813	5.58500341936323	5.44324657065995	5.66100425534745
5.63556213488942	6.1554697955528	6.28959300605518	6.83554859737046
5.59369357091476	5.62765196138918	6.37700356875451	6.61839243157352
5.63535513001547	6.19428661794908	5.0371372727692	6.83448184671469
6.09635544275233	6.58411997269693	6.62560521029643	7.36484711234941
5.46339209998895	5.47123201544394	5.56954547846975	6.26212108764998
5.88022431566241	5.66639277099862	5.02452876367848	7.30810534073976
5.58562892401624	6.9061131894316	6.4768371774243	6.84543054658828
6.05895751458634	6.3071986816301	7.68122744716996	7.07505698153663
4.58475645713627	5.6589056539077	6.20061845009518	5.77954659197995
6.21171299997788	7.5240497438655	6.42479804620806	8.79036838133069
4.57393055374121	5.31806395237092	5.83709002230807	5.70688533801186
5.91385278240406	6.37388984944819	5.93373171659814	6.08355017408854
5.31938511684004	4.7552038785916	5.62574132890726	5.82644434752813
4.61968288341843	6.43034013095181	6.92867262677731	6.18725832808928
5.7961031023078	5.44856435146447	7.95739161446777	6.89719276685042
6.18919160109273	5.31107622462548	6.39144318932421	5.30872119801204
5.83792476598207	5.49617781290813	6.0703250123261	4.8779666922891
5.83791939530619	6.49418569435763	6.35318717645779	5.21874747256316
5.7395764042417	7.17595448326154	6.22577358874316	6.12251638096094
5.72884101914485	5.63330487489883	6.40173126050776	5.21135245883224
6.15659067907459	6.31084427280039	5.4217635025388	6.51131146874981
8.98438832710572	5.34419741632279	5.2373457342758	5.64743372244957
5.05665876682351	6.43519039398901	4.86038602830422	5.23800929709848
5.43102512090433	5.77073030314231	5.19245737152119	6.7656510654002
5.48451265906233	6.62097609034309	6.08386388789271	4.82028517753049
5.48001498143979	5.80028981731732	6.01025906475147	6.41297950112087
5.15141327395343	5.89731525792244	6.71251701926503	5.45833824648589
6.25690665530396	5.63420487626126	5.22175952201928	5.46593825680087
7.96859611954721	5.44732080381871	6.96579066205075	6.43517251722281
5.32754294649322	5.30197465226644	6.45739538286228	5.99549182956967
5.51536258961439	5.45081920880465	5.57686308893436	5.51534552646767
5.36557280082127	6.11578168713924	5.21360027165506	8.15718284666157
4.9678011172512	5.51379522917528	6.49842336777187	6.45329270729765
5.58550644328753	5.59659948872822	6.36574928040008	5.60212230114714
5.45190084953215	6.65353152920363	6.86612092093447	6.0000574926194
6.20094104490363	6.51219379629372	6.01599366711766	6.02639249464523
5.15875759094425	6.10579980278531	6.59018122714627	6.84293189911441
5.63044477720317	4.85639076633602	6.10269842064075	5.05330209273363
5.15217248098643	5.34055478013223	5.38006177590376	6.42280303472398
5.45654853166406	5.78940112715948	5.35695581339522	7.79246497938597
5.07199905556726	6.86660031357321	6.03378187987289	7.01221986913383
5.42948710319931	5.23952548769083	5.83996035524508	7.3305384714027
5.42581446706964	5.02493053672365	5.68951853578818	6.52454111054204
5.91164470289881	5.65330812726456	4.73689671907993	7.04762611312699
5.19657519765905	6.54942303377496	8.53322954704305	5.7616669236317
5.77749673398652	5.321628009243	6.22852354987728	5.77786243436459
5.13469068811179	7.86599581200467	5.96115575409891	7.29629682478816
5.86786320601373	7.10134850834448	6.75344464826042	5.69292118348352
5.52064705020802	5.31283473864204	5.65138951492622	6.75686549274689
5.65406884074911	5.35819062314051	5.49341242327913	6.85013822713097
4.96555471439039	6.07936210389934	5.86628913829537	7.16725684545482
5.82024680092244	5.48031992624036	6.49191877519296	5.34736243906281
6.25307571695777	7.37806337166389	6.20488543242278	7.94922519125621
5.44899301318919	5.17657506127755	6.25978728102346	5.80748406708026
5.99260728936848	5.46918766390777	6.23483362310679	6.5044019742131
6.1301675333457	6.29199198236355	6.51531455757846	6.89073412413504
5.83058134571186	5.12851362036463	7.29655886564981	6.51965774427218
5.8059831879645	5.37011956363561	6.09870976857532	5.69717291251361
6.59883539034393	8.22795950300741	5.74954793726675	6.76524923549116
5.94836268907791	6.06770761937045	7.23404864939293	7.15323084016842
6.39248956741669	4.98099333359275	5.27743102138324	6.29643753589156
6.56182819493852	5.83992742631544	5.83236544551819	6.23328048218722
6.38458299731825	5.06792243158191	5.64511165115551	5.66437868944988
5.93004163335342	5.62269759139097	4.77210503658038	6.25145763565512
