PH
6.23986238245112
6.67512144952257
5.37147862801146
7.01059103475934
7.19851863806275
7.77474955677212
5.38908045163631
5.92843062421848
6.02411360816239
7.02144765512679
5.5280608427423
5.73531463847555
6.47788659665823
4.94659565616086
6.53857403320538
5.66413714605301
5.68292127421237
5.78684948082815
6.47810608931293
5.39244620887202
5.3690589651841
6.43019273852135
5.49684753931205
5.14678867782461
8.66315278175238
6.27269844614619
5.70554756620374
6.27227882721312
5.33253598987654
5.92356483263847
6.54269564292349
6.22900123895523
5.51527997878312
6.64252567869532
5.27945546967006
7.06387020834178
5.22535346977713
5.52918814154638
5.03251362440464
6.32350909485657
5.61996596719201
5.50604171547422
6.26578527575713
6.68139639006366
5.6728840994575
5.76131387736952
7.03935741731236
6.48275811367985
5.77812251678412
5.74348954831161
5.19622672696757
6.27316122587521
5.87465791863518
6.62265377876692
6.35285318074379
5.11743643678433
4.99400803650011
6.2403719843116
7.69912362107838
7.57283392027213
5.38689922891908
6.59766179054685
5.52764755397745
5.08719823054315
5.1791184017331
6.00981394142764
5.54961983492755
8.11356924121495
4.93240841959295
5.79776444663311
6.31629917154835
5.42716181566004
6.43397960255595
5.73915491916114
5.79639195739503
6.29969015163838
6.26615158145922
6.09224281971212
5.55136091581861
5.47349594169044
6.35465996506337
6.7804622066134
6.95682233861439
5.53802033695231
4.89989592980336
5.55643732796801
5.83817775325241
6.00894221388374
5.77105984710435
5.45110704078811
6.99682134829572
5.20153421001639
4.9258403301507
6.10994231567
5.6179273707417
5.68625483644527
5.4727310984508
4.78983232306644
7.13319099344155
6.3272185346717
6.02087255038525
6.24569371260663
6.32214755897832
6.31572814051886
5.50860395774409
7.50213954459227
6.24263690500982
5.65919556150921
6.2598634438602
5.94641581026287
6.25813722816849
7.23635417878702
6.48579121103731
6.44312281383481
7.39600702114897
5.70440891250792
5.99573876168498
5.78007495918386
6.71812154717113
7.38110765135448
5.7121978603882
5.96278526133688
6.32128167881433
5.04925321765382
6.21546014121279
7.02712060776702
4.90178352386094
5.06271714478812
6.62464867941259
5.62519272580157
6.5045733239036
5.29770605021861
6.52267277846422
5.64603325183498
7.10121409325626
5.31868110037772
5.2423660273536
5.10099107561828
5.27536886063585
5.98111734799216
6.76700021497581
6.03976127000509
5.72866774903126
5.87226810407242
6.58296127635444
7.01597329728324
5.19868571534997
4.80867486016446
5.23903805456833
5.62804588740914
6.02392403373664
6.08184016766035
5.82303276618117
5.32138288337364
5.87618736652834
7.81971563709808
6.10237665101234
4.70946706224555
5.37880426501642
5.82486029854307
5.30583111112535
5.24230181547075
6.4401339206654
5.3602782274345
5.48285761266461
5.88368926776941
5.37470138145326
6.88145258755777
5.67408003453066
5.9391609600731
7.24430065104679
5.54395931890661
7.06068339205445
4.95601345207196
6.95388708576775
5.74919425433147
5.40306382512762
6.45685091341081
5.1826192090826
5.7384778152434
5.68842776829362
6.11215560257306
7.7564866233471
6.19462166601962
6.72627172451366
5.0410368415646
5.97327537726545
4.81122288727521
5.16890504519429
6.21295641843668
5.82149343774016
6.04133403844432
5.32699725022245
5.45392724249353
7.29156831135324
5.51673654475052
5.12733512478713
6.39526613392661
6.63619932072475
5.71341212930423
5.13460975326945
5.27396086375995
5.68376504952833
5.08132665241327
5.545564818866
6.08508546680658
6.36637769229078
5.53453122543669
5.49684808265814
5.94572663302327
6.89769089404792
4.58464257055348
6.57670349600508
5.96084991473525
7.22618025183263
4.92585589486463
6.36003284715895
6.89092686241084
5.6333557556282
5.78225093444995
5.84069849486297
7.83122906945724
6.04736988927648
5.43968070891339
5.04177394233922
5.71040059021146
5.49220248042811
5.82244730851094
7.83031951987261
5.12626440411265
5.3197995143296
6.26557700759112
5.7511417487578
6.63345355921176
6.98653368170863
5.42373373646098
5.2082981911431
7.16956815447274
7.22410691551343
6.69011039920554
5.09320407505063
5.03887840489583
4.71367882776024
6.05293657275038
7.15951373554509
5.8690491272044
5.48205376918053
5.5800596702625
5.9971217659315
5.16619012348808
5.55585315940332
5.0952744398198
5.11082998480393
5.65286613874852
6.16896950918438
6.15751235256521
5.33994673942171
6.17863798502035
5.48482591457775
4.9295315625779
7.03548328456692
5.65163435368373
5.92209405479617
6.46491667056279
5.4628488427462
6.78299473504643
6.97702075076772
6.42620077514117
5.38020546828949
6.77414060203805
5.86982003576312
6.5621866915919
7.65830251119375
6.00275579218433
6.01773477718477
5.2423023897621
5.86724988858744
7.83109865372893
5.22280346913609
7.13728514549931
6.79833511828451
5.73169824439189
10.3824386965741
5.84579740995255
5.70709223871252
6.02717735525874
5.50738043298279
5.67560855509318
6.03577333941933
6.90665518503732
6.15107561160582
5.94281788242691
5.53046350788229
6.84074945974571
6.95972009583222
6.13341486973822
5.67079440285698
5.49107081035416
6.59499509368227
5.9876531645259
6.05471970512562
6.61041878441624
8.31353159229943
4.6745986807953
5.46894271006961
5.21200965936753
4.92076369878907
6.15667146566795
5.39391567098634
5.96696380529927
6.28450600100058
6.34084652427928
8.63866942115621
6.40817130536867
5.5369233559686
6.17353853682075
6.37116674918589
5.9081129792655
5.45009509509904
5.43850180837694
6.05679631596965
6.10971518610304
5.75555360928541
5.1095329220584
6.95839256380052
6.30906640600156
5.68061347225308
5.31669898882094
4.7578234966326
5.79465597533565
6.16745805089996
7.23013367870581
5.29955930189945
5.62353038273261
5.46771016101087
7.55257659091864
5.71543714657056
6.1352767646631
7.64930511893412
6.35784729396838
6.08465907739605
6.89690769277726
6.51904507540621
6.34757063670219
6.37302579744521
7.5551786237834
5.20056970058795
7.11326223960673
7.22534086193925
6.57906677042164
6.42288441898262
6.88055548231624
4.98406240028774
5.81536388004816
6.34324935445774
6.99659915891259
6.64356680382618
6.33266222103398
6.4509914583419
6.3070971409435
5.14482030399395
5.86312252171566
5.91349875042484
8.37564769575362
6.75109291488685
4.84877403721299
5.91735310043017
6.05922664765782
6.60233508940158
4.57282978705871
5.21294105721568
6.72929092819099
5.73471381416993
6.05549927746631
6.67027697445625
4.77327415055611
5.67347074837366
5.84247221756383
6.69198424677787
6.60879551716862
5.47981873885313
5.94168708477805
5.44681382900397
7.36553198845147
6.08603302720142
5.86473648545233
5.5049331389982
5.90835389965123
6.01130469269321
6.43277499878223
6.3251792841675
6.54832269232799
6.30630003593166
5.87041329486984
5.82983280361821
6.0146225502776
7.77882195360254
6.39705197938751
6.19736763574691
5.38745050874878
5.5302915196601
6.04165824665087
5.699046160984
5.24642871364491
5.47683980814905
5.22129616260084
7.41558375617415
5.91605197453533
5.96105140666653
6.58555268461839
6.58242254438064
5.74345558408486
5.83822365891466
5.38464655108867
6.31606527899939
5.15464022648143
6.66105582492037
5.98381848577599
6.8422505498494
6.95426183224062
8.12837421477312
6.10649898212766
5.74006806498124
6.78394690772377
4.82960704597649
5.23978824356706
6.43385362116193
4.87947175766719
8.56896726420101
5.179046302726
6.49546401356929
5.2754689911718
6.81620224603081
7.66589467638417
5.6140327918044
6.33820469195927
6.25403917148735
6.86358615493979
6.0349738422161
6.46819079917516
6.27962107152631
5.69760825987634
6.06284915333104
6.82397998327536
6.35221676683659
5.89912173201796
5.85733472976468
5.929284467921
6.49039521311502
6.44176691723305
6.0483569900857
6.29456612205466
5.84700495753211
6.18059046463757
6.05728653210881
5.2257453313191
5.8328249504837
4.95097497781237
6.83071246604167
4.76006787168633
5.94966595442696
5.11383072287492
5.66496299022769
5.91165717171492
6.42575882600625
6.21518582981784
5.88163911734288
6.86249295021179
7.42893289806458
6.21087449082412
6.0069334221031
5.30343798587297
5.94095287812584
7.37016040355372
6.32704558351837
5.88768467605551
5.40389301885949
5.64153100049128
6.58408937560762
6.35800491049085
5.9367336852055
5.12484028190212
5.13363986290532
5.33275072734238
5.46209020882347
5.70550412402783
6.52433257609318
5.54187477588758
5.26515200765483
5.20163576117587
4.96249015931613
5.18135907775344
6.76285528014085
5.84091098324253
6.19484652250007
7.38676490254563
6.12130415096644
4.95524948741593
6.70379147233244
6.13466469143138
5.36959226692734
5.31337718740684
6.09469234289017
5.23420150063938
4.79848576260518
4.97823894972908
5.91891811711729
6.1081398801628
5.98771015099806
6.52606772034621
6.87963059658385
6.34447055322384
5.56887705520875
6.14587785252307
6.2963981953731
5.13179674654488
5.7807602256343
6.21008471326256
5.69619114003666
5.47674085133519
6.77231985141255
6.65658336346543
5.79760738794164
6.47034379828236
6.71486548852039
6.11321210863837
7.08334019254889
7.19841798479733
6.7379199083673
6.09554562837807
5.10393111761569
5.51454250227705
5.25541056244952
5.57210082781478
6.61062007754729
6.46141515902797
6.11563353675424
6.61383477021221
5.22333126249829
5.22540267304731
6.39294182137721
5.42932469914505
6.1524101902874
6.52984194852362
5.34212862068338
4.98763667195028
5.34652720591096
6.00910065390808
5.20716954186473
7.63988928236819
5.71042812809292
5.60400909380512
4.9060077064794
5.47966510206767
6.50725155672438
6.04084972364012
6.61477563361919
5.27095608111409
5.91452239941224
6.24838612159045
5.11409449940268
7.27972221586566
6.04531573464946
4.98650435416866
4.98018158244462
5.68287967516583
6.48792294109705
6.61034317312394
6.34955574758421
4.95342590766281
5.78487692250096
5.66945494689108
7.25494602659519
7.53044875464782
5.24174686932799
6.38374861627146
6.54605891741808
7.32973468970213
5.38877632741328
5.92474456084691
5.13586795864002
7.63547205905037
6.18349697612132
4.71831889222975
6.96803046446574
5.75801926768554
5.01982675115149
5.94464641911647
5.6961641190365
6.14910991634379
5.27619857986976
6.39652297504018
5.59158116394358
6.30758252287949
5.55587273518408
5.22882697289227
6.01060669611842
6.38552334644372
7.59590102743967
6.39207491339301
6.90287067879712
6.170900529242
5.28201127338708
7.14384668933704
5.66817048337069
5.46548732399564
9.51807246479565
5.60214355582293
5.96121757696888
5.05251807649539
5.79870167906724
6.1929086496728
4.77053365953718
6.3928120961032
5.74671438908662
6.05631626916754
6.48667697186891
5.07049925951272
6.53734539603712
5.86953395622469
4.88469377748435
5.72333660096697
5.45879582300814
5.51745107473304
5.62501666343449
5.92378479471059
5.11799904866701
6.56856823111951
5.7246268454129
4.8442476034315
7.00735427009687
6.03093264530154
6.63618222942965
7.3978388326011
5.63535352340243
5.59810446882121
5.46504113847248
6.21648365051721
7.35234102258598
6.36019424879819
4.88859478547326
5.39477917334846
7.22533734266885
5.03054939549441
5.50909207062977
5.69095673697616
5.44083798316455
5.33454943123915
6.48663113962391
5.95017621761995
6.39222214803003
5.43137612419152
6.60049935850758
6.23338656491018
5.82640379559251
5.84725403109072
7.76198091011406
6.83728643028242
5.74278972424629
6.21811519686195
5.74399344218903
5.93756439358609
5.29088532962761
6.26466156070165
6.39526894153503
6.58143420850526
6.08532143159446
7.66108125609956
6.59252900051402
5.98124667001699
6.13949818094211
6.4130312430184
6.90844884942521
5.2534133426428
6.17798208069973
5.57155801305304
6.64586813880176
5.21656118453613
7.54669290793974
6.99382999688486
6.6626773646852
5.78881406321907
6.6883031482599
5.89197550036317
6.67956803808363
6.34357598551034
5.41193456961716
7.0400717995801
5.65316610597207
5.91133153129889
5.9811422097026
7.16846779902059
6.96409708975762
6.06247225217225
8.52569146868992
6.37541041033161
5.77594283147825
5.28903396019743
5.19139904071372
6.29380811965316
5.98978709314417
5.75927609322793
6.77281982095747
5.07047789537916
5.96890255209767
5.80770174237914
7.39513413671124
5.74279692234716
5.521009509977
5.81495109876133
5.26362198603037
5.78156685981937
5.3026281538676
6.23131351229902
6.45271667887807
6.23754314032344
5.47557384555313
6.22550775038171
5.38100353017943
5.51806959101192
6.32377320046402
5.78436561737592
6.10881947937948
6.59962505560363
5.45441299020517
6.81974790443924
7.86795754649715
7.05215577305876
6.04625657530226
5.73500144414693
7.97342326162298
6.70774717861578
5.85078252091009
6.92329550358421
6.29951571899246
7.05499579816104
5.22007998830596
6.82437462641316
6.64245359974573
5.5793144125177
5.39526517645309
5.50712745281407
5.74991474439618
6.39685370396866
5.90320862049048
6.30870505610617
6.82501924744993
7.12742173839681
8.07916510367578
8.1210798806546
6.76384143579299
5.90969877331688
5.71522828537266
7.19172222588123
6.22546037117289
6.40222965997102
6.15832994547811
5.8205617227187
7.35266561295243
5.58444995389319
8.41109641396385
6.68327448307865
6.05313994680851
5.34364084884071
5.08194398323871
5.98011031026532
5.76824507502667
5.60972436279439
5.60405001582088
5.68999618684852
6.78845808744601
6.24989987531103
6.87919220449192
6.06721987188195
6.07859371326335
6.000134026168
6.28192095187486
6.08653709226713
5.28296510189917
6.38119775875653
6.32607343238571
5.98552654836841
6.42129869575752
7.18653370260198
7.65043580949817
6.19078815162046
5.47132926361234
6.04832198568907
5.00358913085248
5.54272448763015
6.49987020185928
5.54708478851188
5.69115584420306
5.76980715488799
4.64330008282609
7.73716138409815
7.61507184343717
5.16888765650498
6.18606037694803
8.21616738759157
5.13260544905105
6.10838246365884
6.29074711908073
7.14356006951238
5.0961963037502
5.68096406897913
6.07115228388094
5.57683476461369
6.51549715144833
6.72926907890909
5.47758847849292
5.70473678592715
6.97500266774899
6.17890424716868
5.78615138217829
5.88227446540473
5.63112251411146
6.75465619021129
5.46718543874999
5.02403427641839
5.46496118509341
7.0014290579
5.50040589799313
7.33384105512558
5.08072155588188
6.66260696284804
6.03501191429945
6.52930367109401
6.555947768405
6.49819391703574
6.66244375052562
5.2329698797704
5.51818588919592
5.47396360066327
4.81410321132948
6.10317192174742
6.05301319364905
5.75564594268749
5.76491621591731
7.13313896331547
4.9529050027525
6.70589310472279
5.40492071102114
5.0460808509907
6.3975691502752
7.07568471216452
7.35960114520065
5.30481357622687
5.2613451965403
5.09843578310822
7.32489011615038
7.11913446282371
6.02649411391059
6.21262144493029
5.44752968123171
5.35985962574822
5.52888906778553
6.3299177417078
5.55040273675007
5.66579781887963
7.36080508685017
7.72324128973374
6.98818116836391
9.81569039448092
6.86546257188846
6.04061966685431
5.89323115972147
5.52882362698752
6.55194344302982
5.43259409100626
6.33420627533721
5.76639020468274
5.5167406625378
6.16225420896532
6.21074658095031
5.45350298462992
5.67194380439149
5.57599990703096
5.04302859185081
5.80561163015744
6.18957797969396
5.66748451312608
5.65385551054473
6.00698218359833
6.53117100945636
6.73705888171457
6.59937381880719
5.44065167632893
5.7542715310163
5.34139636905328
5.60742285251443
5.24727040572356
6.4606678078079
6.42671048489365
5.78683326674869
5.64181118008362
6.11217216005736
5.33176245792442
6.20357423376265
4.88770720728431
6.61775191733443
5.50755976806932
5.2160774652944
5.31111612597702
5.29795786884133
5.2528684192382
4.75580591702232
6.82124958332858
5.92200305571977
5.12676290188634
6.62979777584898
6.56512143753655
6.56344600167704
5.99968274821832
5.14068243077935
5.71164682844992
6.03192388625614
6.4191805021194
5.75452887757296
5.87927415698735
5.77448139156291
5.98129494183573
5.34120990165824
5.55204845735921
5.59083802550903
6.69328497801843
5.73349333691475
6.9887932701745
5.36910507434176
5.03757389363023
4.8138090290893
5.25081642307395
6.54760802347651
5.6317091567869
4.90458302043746
5.58500341936323
6.1554697955528
5.62765196138918
6.19428661794908
6.58411997269693
5.47123201544394
5.66639277099862
6.9061131894316
6.3071986816301
5.6589056539077
7.5240497438655
5.31806395237092
6.37388984944819
4.7552038785916
6.43034013095181
5.44856435146447
5.31107622462548
5.49617781290813
6.49418569435763
7.17595448326154
5.63330487489883
6.31084427280039
5.34419741632279
6.43519039398901
5.77073030314231
6.62097609034309
5.80028981731732
5.89731525792244
5.63420487626126
5.44732080381871
5.30197465226644
5.45081920880465
6.11578168713924
5.51379522917528
5.59659948872822
6.65353152920363
6.51219379629372
6.10579980278531
4.85639076633602
5.34055478013223
5.78940112715948
6.86660031357321
5.23952548769083
5.02493053672365
5.65330812726456
6.54942303377496
5.321628009243
7.86599581200467
7.10134850834448
5.31283473864204
5.35819062314051
6.07936210389934
5.48031992624036
7.37806337166389
5.17657506127755
5.46918766390777
6.29199198236355
5.12851362036463
5.37011956363561
8.22795950300741
6.06770761937045
4.98099333359275
5.83992742631544
5.06792243158191
5.62269759139097
