height
6.61346359836599
9.73923308557834
7.25866455683075
6.7375465639182
9.35419827069945
8.12541026204155
6.95388710952656
8.12232455204209
7.76195794191798
7.69079862067154
8.21187164042198
8.42741199015012
6.37509296064808
10.7072199204691
8.12370341243504
7.47568820478455
7.33549802217928
7.77344385227561
9.01688313339279
6.02684141506769
8.59665334042305
7.52542492568668
9.56775889809317
7.08230325254764
7.61383263729292
7.41272735394876
8.23938417351807
8.10539098989921
7.21345785726034
6.9118124124904
8.24399556485799
7.53874701247132
8.04550644096707
8.34495592976673
7.43030114685836
7.6936617368993
7.40062195210777
7.60389734336716
8.56154893525188
7.13868481587518
7.91212859775714
9.54890772081945
8.42647873662786
8.27306111390445
6.3906049739798
8.23246463592213
10.5583244235099
11.4618982237904
7.51600733024877
8.35844334997032
9.87301880013263
8.07829637631237
8.35161842926459
8.5058170159837
7.61318826672129
10.0243197796477
8.66126805513788
7.89791705621584
8.03149840521719
8.10374448440306
7.712586175385
8.44847659798947
9.0045819978795
8.36849448059417
7.43448650099014
9.69986545538946
7.23867707023761
7.56840649928131
7.45674583801275
9.08824914893626
8.62625493796684
8.81737400624308
7.21467219717569
7.14109113940779
7.698986697758
9.20153041312969
6.59003241711038
7.0525866970646
8.31636964713916
7.63365867633597
7.70027134842533
8.32325876533742
8.18282949079285
10.8606275192248
8.18407384439074
8.84348564636384
6.44111987027789
9.35937713885221
7.65060637043935
9.14231294870497
7.43506764869987
8.73924706731925
7.51554180578742
8.17032958032805
9.12136666298171
9.14160639236913
8.40435865884267
7.0867342230645
7.40276089650903
7.90982783587208
6.94424828221027
8.02985101206114
10.0097629434391
7.19864833009995
7.11915119477251
11.2682766751088
8.13416241311906
8.8840553236777
7.75077435492091
8.93464035439137
8.61381644229608
8.06342893666766
6.66988729635123
7.25032869870914
7.54231458235475
7.33103063178652
7.68093284203669
7.11790889974045
9.54038162633726
6.71741108516962
9.72097052917642
9.40593493234951
9.01335978013499
8.97570273625441
8.15070555447102
9.09866414190789
10.7293161673445
8.52212834786528
8.64262003232406
8.71166136973922
7.729417193001
7.36479454237729
9.44622846022699
8.17415042932142
9.22657552312941
7.70087635434068
6.59691994351867
8.79247684325249
9.38497985585094
6.60857013871348
7.5951152020076
7.17287233466164
9.00685966583944
7.58914970773345
10.1267392891666
10.4330646264863
7.22954389705764
8.41761211629393
7.96284564736253
9.25508646708959
8.15267689278085
8.48063003005583
8.0022009776678
9.06884257471785
7.71460190119295
7.95274127920961
8.71732145758226
8.63453333328318
8.4376652041916
7.65228657738209
9.14931449106606
7.49095349172758
8.61114254756071
8.40878880085277
9.69296176899035
6.93781139021737
6.71955567278346
7.13700006770759
9.21485844545586
8.61777096031031
6.77885411928194
7.48618383968166
8.48380093757264
9.00477341470539
6.66424858233895
8.26668786830077
6.31907384572994
9.3355125122098
6.65500708088805
8.13436242785862
5.72361218309935
8.10058512216949
8.84837288675394
9.09931716428834
8.20951742750153
6.51180256615718
8.76651770473545
8.26221228796218
7.66435658061195
6.81197540656979
7.19765545686796
6.51936206996
7.08240919071974
6.74751092602117
6.45425377915663
8.80835312024988
9.44614520695555
6.13274139523699
8.37266361794814
8.15621830430938
7.49642380649031
7.33193416293858
7.64865455178833
7.02177429385564
8.06635476795756
7.82030397632624
8.19127409030008
8.28690111629643
7.65164041089435
7.20035441421162
7.6688424949029
6.83605672600502
8.08562218515602
7.5577971233486
8.62054364688628
7.95480879338903
6.39129368612805
6.31918414504381
8.92623513622385
10.5692850869469
7.10763340604801
5.84281451232337
6.98219213381846
7.65327862510987
7.39473612301886
6.40247093459041
8.96944397319131
7.87972913734008
8.13808007239316
7.91554778312034
8.1438438912892
8.23160202805535
9.51985911171699
8.48592935010001
10.1563760301259
7.15119239927591
8.7399024023034
8.93593912671408
8.86723715457997
6.68095682966769
8.10243014763338
8.36602531420154
7.37201344319847
6.78657707749367
7.50155329251584
8.04147983534714
8.81117584682338
6.41376732981572
9.29260304560943
7.2162040046151
6.60344512530207
8.0539593176479
8.09886501894862
8.63591630989154
8.11202132938543
9.3100857874095
6.53575467890932
11.9179020394569
7.8229520660346
7.38304488196718
12.7990026312179
9.553927839506
7.827975686552
7.7503100205881
7.95284702396745
6.68668418357987
8.08237823329541
7.27275787703721
8.87607156077476
7.29906022586081
7.69650839845841
9.1642670209818
9.56906311066328
9.52033679508788
7.90528528277513
6.90134269897244
9.22907875498716
7.7153150630623
8.87339166763698
9.33205219042226
7.16148514964234
8.91137704583247
8.57050766071704
7.80648566828507
8.41627289862586
7.84819672581363
6.96864166551915
8.34196282323225
8.60731932494423
10.0339205587897
7.84920369803323
8.81569238168991
9.2507082714883
7.65366095627558
7.85221131294797
7.05213130449662
9.02680785788281
8.14561838901014
7.99045757759007
10.0296803439839
7.42147664111586
8.98927810603539
8.57516609365312
6.28626248303104
8.05918788134444
8.85849534845249
7.41697624721248
6.88612576884936
11.5764070782282
7.83875012472971
7.8881413714096
7.81382141952047
8.37211312011664
8.48231301829598
9.48037406588571
9.4713147086424
8.1956451925458
9.59912060608401
7.54458898864567
7.4364300708259
8.02513620060423
7.9677225439325
8.29490153758763
11.1367531976687
8.58600130955152
7.16123975787286
8.9796560856063
7.46273696384015
7.80936459878031
8.39481934370661
8.72651975196247
9.80055796531552
10.1145000166806
8.73089389033075
7.45928641164923
7.01000999778641
7.36972260890489
7.66247927591618
7.30679780721875
8.06217264849803
9.92463530473576
8.24910619927594
8.39310234561277
7.72365381981522
6.94100262655707
9.13169065096367
7.6549864515865
9.63190145764132
8.67780559446323
7.83526084722525
7.85122079930921
9.43749746851752
9.51616781114847
6.2653751897423
6.94604345590956
8.57265298565319
7.80463498740458
10.4121153919269
8.76091996636511
8.80059408186109
10.9807269614105
7.24601354618044
8.20991717309574
8.58387827809374
9.57341116312606
7.3430462459453
8.63787087944281
8.8089397070043
7.55235654152186
7.67299653044692
8.16225517063466
7.14429121756353
8.00627809378544
7.09307381426294
7.91364220180013
7.70932627715014
8.97279809425197
7.26090245161211
6.22099931846923
7.14595332023324
7.61125691874603
6.49495446248151
9.21748533036775
9.67047354685378
8.77577120832999
8.54929897177066
7.13997153976297
8.72533308225149
9.20607986088278
7.10170423618882
7.39192517140591
7.96690866402599
6.80236550041751
7.93089349228317
8.5095261107016
8.79553517446994
7.26031940532802
7.99395080366076
8.54618172031061
7.45677909815796
7.73150376371603
7.75431487545166
7.35091368360746
7.43854394712575
7.23656019663547
10.1167577543398
8.77084915434312
10.0907178506097
7.46170038326166
9.06216619116124
7.25083905927186
9.19753195940736
7.51078715251017
8.40747913115509
7.96514167552337
7.65673574713803
6.93382450923043
9.07932846207734
9.85042251962583
7.55326500407519
7.72773172412789
9.33892906153298
9.02102875939781
7.70799832903663
9.50411639959233
7.37935836051642
7.43425203184003
8.20130948532965
8.08702179383724
6.55182343653944
8.95975797359393
9.38850131876071
8.15882965613953
9.40784851897935
6.55007151185327
7.74918239773793
9.22772324754793
9.6985324600238
6.94632816017133
7.21165678178507
8.45202791207578
9.54452730945431
9.01791368072674
7.6265017819145
6.59100179722538
8.60788824337403
7.03691850067083
9.90208182512594
9.66045330236306
9.28762533490725
7.95943023580463
6.97839233521451
9.88634772925558
8.16999101897451
9.2982770616169
8.63648800588737
8.33372563961051
8.40105751057025
8.52408555021114
7.59787101783555
6.77550271949907
8.31646128977308
8.23040778093968
9.13411488398845
8.15697963167851
8.24151564791525
7.92719416811464
7.85042677171482
7.1249286130583
7.49189051188977
8.71438308651743
7.3377871823744
7.45550500446099
8.31049981819524
6.8581767166307
7.45071844134414
7.26339091444971
6.86172438737363
7.50921464714453
8.88628398638853
8.11545908359639
6.93365012622375
8.00192274977508
8.53697158958659
7.7668489783842
9.51554234830557
7.53928445965548
8.50891953098971
8.92046221466234
8.23117258165621
10.6569979911976
7.3801897357157
9.0645152287865
9.1033197504918
8.29277135167565
8.50738805571695
11.5205440352722
7.3248871594082
8.3094861257935
7.76770742175406
7.76066901293074
9.13493785437239
8.24964615627085
7.92637733419889
6.88844744051067
7.42090168920414
7.36990501669147
10.6611837563447
8.34475159807644
9.59417426514386
8.02349856978949
9.34568003438381
7.94646035731523
7.30045880225313
9.15843043612235
6.16875783891786
7.74225726307414
10.4058709922597
8.16563139530593
9.44916196320697
8.03081022517517
8.88125478650339
7.30119044234298
6.82599280411599
7.44673119824532
7.82394122816779
7.84675341451138
8.93087169605932
9.27204401569067
7.54443916489588
7.60055726053537
8.3574046173982
6.70021595464463
7.67957872278356
6.89792653831985
8.1125293401453
7.92807639489716
7.84683434187306
5.89278262177257
7.95761502623918
7.67261403598405
7.48704994409136
7.67523356212661
9.12174643610037
6.40895309124174
8.70726851951828
9.16990822484357
8.505897450678
9.17512476261273
10.5014784083192
8.56268253527838
7.45453560470406
7.44849047208735
8.51822939530864
8.50863843187147
8.87964293983517
9.57720814991193
9.56612524534933
7.86253578028895
6.8854104498902
7.02161889441975
7.49834583810934
9.58465044092478
6.45693212466648
8.32121912359028
6.86896247490243
7.60074743839403
6.08367398651271
8.3903957415107
9.27715513707082
7.46496352998342
9.34931926653893
9.31018322992147
10.3233546116037
8.22465931625688
9.986191633448
8.6164275603861
8.09036690303774
9.4201940897938
9.18359329858515
11.8589028497926
7.52062712542685
8.04530021250865
8.47707487660948
8.01905273713145
8.37053346539777
7.98800506525512
9.32662598514681
7.32677784438928
6.94643078544401
7.88879584672377
7.50868774577101
8.59032899243663
6.87808354712718
14.0131176351436
8.43424972834671
9.15007637986987
7.99069375751986
8.87127987204871
6.19111530603376
10.0993706737617
8.6832669415009
7.81248578921752
7.8024758654927
7.58289533423277
9.14028988846178
8.52553079187001
10.2767264470342
7.01100134911946
8.7948215423645
7.15782354132625
10.0783323793858
7.33281198659102
7.74412116954984
8.74767180280728
8.22995441656044
8.3817786987069
7.82432954217576
6.95382033824512
8.64179390165361
8.54889151429516
7.38730594998774
9.47459718241607
9.01526399140884
7.21251373095352
7.65312513442402
7.05435194260399
7.91205726440553
7.66365757092572
9.56672767478365
8.2209846249864
10.4875633086015
8.76744786270923
7.77745305044296
6.86566622846658
8.00721125413281
9.01414586182948
9.75122952230947
9.45935270652284
6.65461834292729
7.72915577153119
7.16914485871421
6.26123293562138
6.80421046570587
9.09141152429546
7.46022520830266
6.84435620132342
8.07708012334971
8.69175514088781
9.38496349970238
7.30737874338681
9.05132590253894
7.16309280861129
8.79778033178543
7.92967049713461
7.78974558235564
7.95147587248155
7.8621342712756
11.7252772433291
9.89188885277258
9.1759045957967
7.56881703488137
9.5032349426761
8.66988757094567
9.51440232535869
7.90877508054519
8.9886146340843
8.31284955669351
6.28016619089398
9.02536580368594
6.20751389859869
6.13253525460643
8.44196921822914
8.37971036933066
8.41970905899614
9.94155796096826
7.92411515785922
7.57891105847985
7.52792777684314
7.47618998594859
7.58732114509197
7.26904706870324
11.2838868159729
8.21163769796739
13.3554891176626
7.91992016252446
7.59418679955466
8.40597573931735
8.24759635585019
8.23281307034201
7.68295548663764
8.93850527252788
8.36861829526182
7.20630053378807
7.92694648265181
9.43102221111816
7.47234669298494
6.96435670891931
11.1322759680259
9.21588123262224
7.91247655550761
7.92771495720751
8.22261327578168
8.5002809071315
8.75026066092388
6.97281202066655
8.28163107036227
9.53924759238178
7.70976364703272
7.59284814462966
6.81978449795745
6.94378373013893
8.07977463096752
7.05357257980333
10.7693109080223
7.01620961738486
8.22093881044197
10.2333159523016
7.95190127064324
5.5991697983079
7.27491364053882
9.57827828414977
7.72171731031467
8.89145276980568
10.1299836756004
6.94182481423248
9.21857547037131
7.86026655268587
8.70630211984364
8.20376606217324
6.36571306191668
7.57463313037246
8.93969285060462
7.37226929571018
6.92774988696423
6.68044239907857
8.23125967153441
9.9573241171432
7.70596259504385
8.39038133409932
8.49054776336713
6.85807115754744
6.66037937001993
7.38120351562778
9.40747085214672
8.10950820788405
6.984740644202
6.95262798247179
10.3764232841551
10.2768477940623
6.20164096499499
6.75488937369683
9.00954825385859
7.30472760356868
9.05225735568645
12.8423167198152
8.70260534041496
7.10536396603472
7.9875005176873
7.95341237177674
6.31569735918274
7.09050482590199
9.560188039262
8.44217106027926
6.7738598921261
6.52172368919513
7.08535436134752
7.96583792877834
6.19112770120733
8.61013092304953
6.82478646171693
7.07455126034229
8.1731557928376
9.30247888176218
8.56723008891507
9.94224932981651
7.29037882650248
7.48061048977767
9.47069271408635
6.23534252944021
8.74238500080728
6.84810310700865
8.26369831372618
7.83282427363786
6.6393915072101
6.78330371466178
7.02440180453075
7.19417733217377
7.80825118988663
9.2470730096733
7.69092964909285
6.89203876665386
8.40586993910991
8.49536780882065
8.40393364440399
8.87211898176988
9.55509066827389
7.26498629160517
8.59634522908304
8.63581779894176
9.68834209869388
8.48980976241171
9.35427014797942
9.39537309574295
7.19275535594069
7.96101037269402
7.55309521303071
7.55386197674966
8.5346927540917
8.47257909231819
12.0918354828302
10.1942590426076
6.30103830000881
7.43421012344598
9.2049417377762
8.11004053529635
9.11959555484955
9.37951827876321
8.73538093908289
7.54354154389951
6.69839568055514
9.43687991902712
7.94878265298099
7.71914606695944
8.16244976635153
8.64196403397467
8.88917219777404
7.36942163172066
10.7518348123777
9.86770244103977
8.22630328009632
8.99202227293415
6.21367444107227
7.46624829581615
8.40079668681118
7.08350768608776
8.3746469310127
5.9842659286374
7.87216557236924
6.73301808319307
9.00484275492745
7.52063380364464
7.56779153495319
8.83975320486374
8.86516092450516
9.87562255537633
8.14862226269895
9.12611908231315
8.75912347463964
9.64370832678807
6.74746440811751
10.0847703436684
7.56892014691082
7.43281376812412
9.35691854325531
7.49301111153493
8.65885127924114
8.78057737477892
8.44965285493612
8.3954672893001
7.43713678552411
6.77641372095833
8.0361562728055
6.78169648931458
8.7608721620904
7.52454592495222
7.91920155526246
8.2609054248063
7.34035585784974
7.67044187042653
7.27700973591751
6.74486192675163
7.53613657588401
8.82537636077613
6.69872355925254
8.34711570426007
8.58685864540742
7.68474090886842
9.43458516250919
7.35769723850236
7.34013987981144
9.9256913510608
6.32901770340726
8.5541690195811
8.1558195823687
7.96394236369966
7.99775974294673
6.73166823815161
6.52987022266185
7.80577949078196
6.60904992625099
8.01012173146078
6.49512711381616
7.03573605598291
5.80013258254851
8.00306292779325
6.28496402478454
7.41278583981567
7.5657191143142
7.34499356357455
7.01349912374599
12.5647266496342
7.91564487254432
8.74244521833503
7.55109042393959
8.56026076781466
6.68477319907194
7.54787248757049
8.64618117448584
7.88747045542356
7.02616266537335
8.94063267862843
8.34373622241746
7.37558658721331
8.12937488420598
8.40607166240178
9.05614046090253
6.35995576485853
6.77080191519045
9.10272652128549
8.26026328337168
7.34074876535155
7.81494042280655
7.94930410142352
8.03386771527417
8.40298301143505
8.15523416979806
7.53769103845713
8.56720371885438
6.35000425041785
6.72118166995
9.77894876052014
8.71361345538905
8.11498395455896
7.69694998105914
9.40334926925494
9.94306012011825
8.18133389655877
9.13558710582364
8.70090696405532
7.19544513868124
8.32292240741497
6.89749157612732
7.6237824160421
9.41050275893516
9.55234500315175
7.65127087860019
8.164682597463
7.74173191393053
8.24682411752701
7.11448872380435
8.33713789195998
8.33667701949576
8.64287814907832
7.38259556202529
7.64110102810916
9.02803937259371
8.05807361985667
7.80332476729429
7.49395268753003
7.71943054281805
7.35462773462134
6.98439638364051
7.53215346201314
8.82726868973766
7.17099853943709
8.4170229521879
7.16019535665842
8.4241842152048
7.20351160213941
7.39356407539291
8.41128010533977
6.07652707133381
9.90157266470197
8.90173683011824
7.32197980279481
8.62314469988923
8.55050869474762
10.5309991012903
7.89713103847598
7.68767749485959
7.86776088939504
8.55286414077056
9.98946466314631
7.50001158350703
8.02774916402767
5.9219963688758
8.87986857211293
6.95052139105428
7.90415771686511
9.65561459754203
7.61776630021446
7.83712006355579
9.11812916782469
9.01355202197773
8.48015717720041
8.61154290456023
9.24917577116529
6.49981361166815
8.61320521143437
